Date,Open*,High,Low,Close**,Volume,Market Cap
"Dec 31, 2022",$0.1481,$0.1514,$0.1481,$0.1483,"$7,841,814","$125,668,063"
"Dec 30, 2022",$0.1535,$0.1535,$0.1461,$0.1481,"$8,604,751","$125,526,974"
"Dec 29, 2022",$0.1538,$0.1572,$0.1516,$0.1535,"$8,756,791","$130,122,977"
"Dec 28, 2022",$0.1604,$0.1611,$0.1531,$0.1538,"$7,655,516","$130,320,665"
"Dec 27, 2022",$0.1641,$0.1649,$0.1581,$0.1604,"$6,567,619","$135,933,446"
"Dec 26, 2022",$0.1639,$0.1651,$0.1624,$0.1641,"$5,749,230","$139,067,548"
"Dec 25, 2022",$0.1684,$0.1684,$0.1626,$0.1639,"$6,928,638","$138,902,774"
"Dec 24, 2022",$0.1674,$0.1685,$0.1673,$0.1684,"$5,277,398","$142,732,080"
"Dec 23, 2022",$0.1671,$0.1691,$0.1662,$0.1674,"$7,408,173","$141,856,583"
"Dec 22, 2022",$0.1691,$0.1695,$0.1616,$0.1671,"$7,896,280","$141,630,460"
"Dec 21, 2022",$0.1683,$0.17,$0.1662,$0.1691,"$8,542,109","$143,275,188"
"Dec 20, 2022",$0.1582,$0.1685,$0.158,$0.1684,"$8,548,208","$142,697,465"
"Dec 19, 2022",$0.1681,$0.1703,$0.1573,$0.1582,"$9,431,727","$134,074,116"
"Dec 18, 2022",$0.1683,$0.1691,$0.1644,$0.1681,"$8,726,985","$142,451,183"
"Dec 17, 2022",$0.1661,$0.1688,$0.1617,$0.1683,"$11,875,879","$142,634,062"
"Dec 16, 2022",$0.1873,$0.1889,$0.165,$0.1661,"$14,126,079","$140,735,051"
"Dec 15, 2022",$0.1911,$0.1934,$0.1872,$0.1873,"$9,643,633","$158,745,817"
"Dec 14, 2022",$0.1922,$0.1963,$0.1909,$0.1911,"$11,238,106","$161,962,226"
"Dec 13, 2022",$0.1898,$0.1935,$0.1811,$0.1922,"$13,484,852","$162,871,526"
"Dec 12, 2022",$0.195,$0.195,$0.1851,$0.1898,"$11,639,650","$160,839,435"
"Dec 11, 2022",$0.1924,$0.2002,$0.1922,$0.195,"$21,999,055","$165,278,698"
"Dec 10, 2022",$0.1888,$0.1961,$0.1888,$0.1924,"$14,319,268","$163,034,235"
"Dec 09, 2022",$0.1885,$0.1915,$0.1879,$0.1888,"$7,358,335","$159,997,905"
"Dec 08, 2022",$0.1834,$0.1888,$0.1826,$0.1885,"$9,304,666","$159,782,504"
"Dec 07, 2022",$0.1923,$0.1927,$0.1826,$0.1834,"$11,453,845","$155,440,639"
"Dec 06, 2022",$0.1912,$0.1929,$0.1902,$0.1924,"$12,427,037","$163,027,625"
"Dec 05, 2022",$0.1961,$0.1965,$0.19,$0.1912,"$11,055,594","$162,055,603"
"Dec 04, 2022",$0.1892,$0.1967,$0.1892,$0.1961,"$16,807,521","$166,200,734"
"Dec 03, 2022",$0.1923,$0.1937,$0.1886,$0.1892,"$13,441,067","$160,384,531"
"Dec 02, 2022",$0.1925,$0.1933,$0.1864,$0.1923,"$14,070,183","$162,996,463"
"Dec 01, 2022",$0.1989,$0.1989,$0.1909,$0.1925,"$14,292,749","$163,110,987"
"Nov 30, 2022",$0.1865,$0.2127,$0.1865,$0.1989,"$49,707,182","$168,579,487"
"Nov 29, 2022",$0.1841,$0.1878,$0.1828,$0.1865,"$10,711,648","$158,043,147"
"Nov 28, 2022",$0.1896,$0.1905,$0.1804,$0.1841,"$13,952,704","$156,037,041"
"Nov 27, 2022",$0.192,$0.2111,$0.1892,$0.1896,"$33,516,890","$160,661,804"
"Nov 26, 2022",$0.193,$0.1959,$0.1898,$0.192,"$9,268,291","$162,735,579"
"Nov 25, 2022",$0.1991,$0.1993,$0.1908,$0.193,"$12,491,154","$163,553,888"
"Nov 24, 2022",$0.1982,$0.2175,$0.1969,$0.1991,"$30,893,635","$168,777,668"
"Nov 23, 2022",$0.1911,$0.1984,$0.1895,$0.1981,"$12,720,786","$167,922,563"
"Nov 22, 2022",$0.1799,$0.1914,$0.1747,$0.191,"$12,515,696","$161,901,240"
"Nov 21, 2022",$0.1771,$0.1857,$0.173,$0.1799,"$19,158,127","$152,425,274"
"Nov 20, 2022",$0.1885,$0.1985,$0.1769,$0.1771,"$22,474,847","$150,092,411"
"Nov 19, 2022",$0.1806,$0.1904,$0.179,$0.1885,"$13,853,482","$159,747,029"
"Nov 18, 2022",$0.178,$0.1828,$0.1779,$0.1806,"$8,097,479","$153,049,123"
"Nov 17, 2022",$0.1804,$0.1815,$0.1756,$0.178,"$8,991,606","$150,848,830"
"Nov 16, 2022",$0.1855,$0.1862,$0.1752,$0.1804,"$13,042,342","$152,913,540"
"Nov 15, 2022",$0.1764,$0.1932,$0.1746,$0.1855,"$24,140,966","$157,205,445"
"Nov 14, 2022",$0.1723,$0.1775,$0.1611,$0.1764,"$18,772,741","$149,531,726"
"Nov 13, 2022",$0.1758,$0.1796,$0.1689,$0.1722,"$15,496,072","$145,964,266"
"Nov 12, 2022",$0.1859,$0.1863,$0.1751,$0.1758,"$12,249,523","$148,959,516"
"Nov 11, 2022",$0.1946,$0.1959,$0.1791,$0.1859,"$17,618,557","$157,556,957"
"Nov 10, 2022",$0.1642,$0.1967,$0.1626,$0.1946,"$27,712,213","$164,946,927"
"Nov 09, 2022",$0.21,$0.2122,$0.1611,$0.1642,"$37,510,966","$139,141,716"
"Nov 08, 2022",$0.2581,$0.2608,$0.2015,$0.2099,"$44,815,525","$177,895,959"
"Nov 07, 2022",$0.257,$0.2629,$0.2525,$0.2581,"$19,175,588","$218,706,468"
"Nov 06, 2022",$0.2739,$0.275,$0.2568,$0.257,"$19,890,448","$217,835,827"
"Nov 05, 2022",$0.2815,$0.2854,$0.272,$0.2739,"$25,312,465","$232,137,656"
"Nov 04, 2022",$0.2625,$0.2825,$0.2619,$0.2815,"$28,005,434","$238,577,495"
"Nov 03, 2022",$0.2503,$0.2662,$0.2499,$0.2625,"$25,379,268","$222,488,260"
"Nov 02, 2022",$0.2539,$0.2613,$0.2453,$0.2502,"$37,115,842","$212,031,750"
"Nov 01, 2022",$0.2548,$0.2578,$0.2522,$0.2539,"$13,733,604","$215,171,088"
"Oct 31, 2022",$0.2521,$0.2566,$0.249,$0.2548,"$17,769,993","$215,949,145"
"Oct 30, 2022",$0.2622,$0.2672,$0.2494,$0.2521,"$23,735,261","$213,635,215"
"Oct 29, 2022",$0.2582,$0.2699,$0.2578,$0.2622,"$20,836,532","$222,215,654"
"Oct 28, 2022",$0.2551,$0.2593,$0.2493,$0.2582,"$15,185,650","$218,828,704"
"Oct 27, 2022",$0.2586,$0.2702,$0.255,$0.2551,"$20,287,075","$216,234,619"
"Oct 26, 2022",$0.2535,$0.2607,$0.2529,$0.2586,"$17,844,395","$219,138,046"
"Oct 25, 2022",$0.2436,$0.2569,$0.2432,$0.2536,"$15,447,977","$214,956,311"
"Oct 24, 2022",$0.2466,$0.2472,$0.2391,$0.2436,"$11,468,940","$206,446,673"
"Oct 23, 2022",$0.2422,$0.2479,$0.2378,$0.2466,"$10,409,768","$208,981,312"
"Oct 22, 2022",$0.2407,$0.2431,$0.2385,$0.2422,"$8,955,594","$205,238,572"
"Oct 21, 2022",$0.2429,$0.243,$0.2287,$0.2407,"$16,940,325","$203,953,420"
"Oct 20, 2022",$0.2431,$0.2493,$0.2406,$0.2429,"$12,740,843","$205,849,340"
"Oct 19, 2022",$0.2531,$0.2536,$0.2427,$0.2431,"$11,985,220","$206,061,147"
"Oct 18, 2022",$0.2551,$0.2581,$0.2486,$0.2531,"$12,674,920","$214,483,636"
"Oct 17, 2022",$0.2514,$0.2555,$0.2482,$0.2551,"$10,556,169","$216,189,366"
"Oct 16, 2022",$0.2451,$0.2537,$0.2451,$0.2514,"$9,512,821","$213,066,746"
"Oct 15, 2022",$0.2442,$0.2483,$0.2423,$0.2451,"$8,793,633","$207,749,174"
"Oct 14, 2022",$0.2474,$0.2549,$0.2421,$0.2442,"$10,987,626","$206,977,347"
"Oct 13, 2022",$0.2526,$0.2526,$0.2308,$0.2474,"$18,145,575","$209,694,564"
"Oct 12, 2022",$0.2517,$0.2555,$0.2516,$0.2526,"$9,164,571","$214,074,547"
"Oct 11, 2022",$0.2597,$0.2597,$0.2506,$0.2517,"$13,711,603","$213,323,642"
"Oct 10, 2022",$0.2731,$0.2756,$0.2598,$0.2598,"$13,169,401","$220,197,925"
"Oct 09, 2022",$0.2703,$0.2756,$0.2698,$0.2732,"$15,383,994","$231,515,325"
"Oct 08, 2022",$0.2655,$0.2754,$0.2654,$0.2703,"$16,872,507","$229,095,669"
"Oct 07, 2022",$0.2657,$0.2666,$0.2609,$0.2655,"$10,755,761","$224,992,878"
"Oct 06, 2022",$0.2689,$0.2714,$0.2653,$0.2657,"$10,832,457","$225,144,656"
"Oct 05, 2022",$0.2714,$0.2716,$0.2629,$0.2689,"$10,232,676","$227,931,205"
"Oct 04, 2022",$0.2658,$0.2732,$0.264,$0.2714,"$10,539,932","$230,009,161"
"Oct 03, 2022",$0.2597,$0.2664,$0.2574,$0.2659,"$12,638,861","$225,317,916"
"Oct 02, 2022",$0.2677,$0.2685,$0.2594,$0.2597,"$10,726,780","$220,124,342"
"Oct 01, 2022",$0.2673,$0.2698,$0.2666,$0.2676,"$8,447,475","$226,828,880"
"Sep 30, 2022",$0.27,$0.2714,$0.2651,$0.2673,"$13,307,474","$226,518,198"
"Sep 29, 2022",$0.2673,$0.2701,$0.2621,$0.27,"$15,269,696","$228,866,195"
"Sep 28, 2022",$0.2665,$0.2723,$0.2585,$0.2673,"$26,141,260","$226,506,076"
"Sep 27, 2022",$0.2679,$0.28,$0.2632,$0.2666,"$19,500,473","$225,956,227"
"Sep 26, 2022",$0.2689,$0.2708,$0.2604,$0.2679,"$15,376,271","$227,057,410"
"Sep 25, 2022",$0.2729,$0.2749,$0.2654,$0.2688,"$11,090,599","$227,840,901"
"Sep 24, 2022",$0.2788,$0.2812,$0.2718,$0.2729,"$11,417,129","$231,279,727"
"Sep 23, 2022",$0.2764,$0.2821,$0.2668,$0.2788,"$18,897,919","$236,291,181"
"Sep 22, 2022",$0.2599,$0.2781,$0.2589,$0.2764,"$17,460,188","$234,261,371"
"Sep 21, 2022",$0.2685,$0.2805,$0.2556,$0.2601,"$22,548,627","$220,418,524"
"Sep 20, 2022",$0.2721,$0.2741,$0.2639,$0.2685,"$16,530,167","$227,575,791"
"Sep 19, 2022",$0.2667,$0.273,$0.2592,$0.2721,"$18,698,630","$230,633,316"
"Sep 18, 2022",$0.2916,$0.2916,$0.2656,$0.2667,"$17,356,393","$226,050,237"
"Sep 17, 2022",$0.2828,$0.2921,$0.2828,$0.2916,"$11,075,034","$247,113,809"
"Sep 16, 2022",$0.281,$0.2854,$0.2788,$0.2828,"$13,924,447","$239,694,004"
"Sep 15, 2022",$0.2934,$0.2954,$0.28,$0.281,"$20,633,797","$238,138,932"
"Sep 14, 2022",$0.2899,$0.2947,$0.2861,$0.2935,"$17,908,396","$248,722,794"
"Sep 13, 2022",$0.3199,$0.3297,$0.2888,$0.2927,"$40,829,629","$248,071,753"
"Sep 12, 2022",$0.3133,$0.33,$0.3089,$0.3199,"$37,082,381","$271,132,064"
"Sep 11, 2022",$0.3121,$0.3196,$0.3039,$0.3133,"$17,231,767","$265,504,020"
"Sep 10, 2022",$0.3135,$0.3165,$0.3073,$0.3121,"$19,445,598","$264,506,027"
"Sep 09, 2022",$0.3047,$0.3149,$0.3006,$0.3135,"$24,966,379","$265,714,485"
"Sep 08, 2022",$0.284,$0.3048,$0.2804,$0.3048,"$29,611,149","$258,306,151"
"Sep 07, 2022",$0.2728,$0.2868,$0.2661,$0.284,"$16,853,037","$240,683,697"
"Sep 06, 2022",$0.299,$0.3057,$0.2729,$0.2729,"$21,123,416","$231,274,698"
"Sep 05, 2022",$0.2991,$0.3028,$0.2912,$0.299,"$14,272,762","$253,377,609"
"Sep 04, 2022",$0.2929,$0.2998,$0.2912,$0.2991,"$9,020,962","$253,509,521"
"Sep 03, 2022",$0.2924,$0.2937,$0.2893,$0.2929,"$8,591,066","$248,242,884"
"Sep 02, 2022",$0.2971,$0.302,$0.2888,$0.2923,"$13,017,336","$247,751,583"
"Sep 01, 2022",$0.2979,$0.2995,$0.2869,$0.2971,"$13,433,436","$251,792,411"
"Aug 31, 2022",$0.2984,$0.3058,$0.296,$0.2978,"$17,119,149","$252,408,664"
"Aug 30, 2022",$0.3053,$0.3072,$0.2915,$0.2984,"$23,439,298","$252,902,088"
"Aug 29, 2022",$0.2909,$0.3054,$0.2885,$0.3053,"$16,529,570","$258,755,016"
"Aug 28, 2022",$0.2972,$0.3014,$0.2909,$0.2909,"$16,268,473","$246,547,530"
"Aug 27, 2022",$0.289,$0.2982,$0.2858,$0.2972,"$18,508,370","$251,847,404"
"Aug 26, 2022",$0.3214,$0.3219,$0.2872,$0.289,"$22,283,530","$244,941,791"
"Aug 25, 2022",$0.3093,$0.3257,$0.3092,$0.3215,"$21,024,919","$272,455,434"
"Aug 24, 2022",$0.3104,$0.3175,$0.3026,$0.3093,"$15,623,826","$262,116,090"
"Aug 23, 2022",$0.3055,$0.3111,$0.2945,$0.3104,"$21,796,901","$263,070,672"
"Aug 22, 2022",$0.3095,$0.3099,$0.293,$0.3055,"$16,581,715","$258,872,537"
"Aug 21, 2022",$0.3014,$0.3131,$0.3009,$0.3095,"$15,855,007","$262,333,548"
"Aug 20, 2022",$0.3024,$0.3099,$0.2944,$0.3015,"$15,621,234","$255,486,602"
"Aug 19, 2022",$0.3341,$0.3342,$0.299,$0.3025,"$27,306,242","$256,372,253"
"Aug 18, 2022",$0.3471,$0.3546,$0.3338,$0.3341,"$24,519,524","$283,143,202"
"Aug 17, 2022",$0.3618,$0.3733,$0.3444,$0.347,"$20,624,538","$294,064,754"
"Aug 16, 2022",$0.3724,$0.373,$0.3583,$0.3618,"$16,474,746","$306,594,458"
"Aug 15, 2022",$0.3744,$0.3844,$0.3678,$0.3726,"$30,743,905","$315,757,360"
"Aug 14, 2022",$0.3868,$0.3933,$0.3704,$0.3744,"$21,907,447","$317,302,534"
"Aug 13, 2022",$0.3876,$0.3924,$0.3845,$0.3868,"$27,637,736","$327,777,393"
"Aug 12, 2022",$0.3765,$0.3878,$0.3759,$0.3876,"$49,142,619","$328,482,955"
"Aug 11, 2022",$0.3681,$0.4043,$0.368,$0.3766,"$80,894,513","$319,138,856"
"Aug 10, 2022",$0.3443,$0.3681,$0.3381,$0.3681,"$30,649,479","$311,933,720"
"Aug 09, 2022",$0.3628,$0.3654,$0.34,$0.3443,"$19,322,975","$291,812,633"
"Aug 08, 2022",$0.3539,$0.3699,$0.3537,$0.3627,"$19,174,688","$307,409,749"
"Aug 07, 2022",$0.3532,$0.3612,$0.3471,$0.3539,"$15,362,715","$299,934,655"
"Aug 06, 2022",$0.3586,$0.3609,$0.3531,$0.3532,"$14,793,032","$299,327,459"
"Aug 05, 2022",$0.3407,$0.3586,$0.3404,$0.3586,"$20,650,096","$303,920,917"
"Aug 04, 2022",$0.3365,$0.349,$0.3361,$0.3407,"$25,024,067","$288,746,184"
"Aug 03, 2022",$0.3414,$0.35,$0.3339,$0.3366,"$23,143,510","$285,233,461"
"Aug 02, 2022",$0.3629,$0.3644,$0.331,$0.3415,"$31,435,017","$289,392,668"
"Aug 01, 2022",$0.387,$0.387,$0.3543,$0.3629,"$69,554,763","$307,516,178"
"Jul 31, 2022",$0.3483,$0.4129,$0.343,$0.3861,"$190,450,239","$327,251,596"
"Jul 30, 2022",$0.3329,$0.3872,$0.3323,$0.3483,"$163,221,927","$295,201,130"
"Jul 29, 2022",$0.3307,$0.3448,$0.3217,$0.3329,"$44,633,554","$282,106,752"
"Jul 28, 2022",$0.3074,$0.3364,$0.3067,$0.3307,"$67,433,035","$280,296,596"
"Jul 27, 2022",$0.2883,$0.3074,$0.2825,$0.3073,"$18,329,835","$260,462,443"
"Jul 26, 2022",$0.2835,$0.2882,$0.2761,$0.2882,"$18,382,387","$244,271,586"
"Jul 25, 2022",$0.3081,$0.3089,$0.2835,$0.2835,"$22,398,442","$240,277,444"
"Jul 24, 2022",$0.309,$0.3155,$0.3063,$0.3081,"$19,999,041","$261,098,084"
"Jul 23, 2022",$0.3118,$0.3184,$0.2992,$0.309,"$20,946,491","$261,869,242"
"Jul 22, 2022",$0.3219,$0.3289,$0.309,$0.3119,"$24,816,645","$264,319,895"
"Jul 21, 2022",$0.3137,$0.3239,$0.3017,$0.3221,"$18,772,127","$272,956,692"
"Jul 20, 2022",$0.3325,$0.3445,$0.3094,$0.3137,"$30,069,180","$265,847,393"
"Jul 19, 2022",$0.3218,$0.3407,$0.309,$0.3325,"$35,330,507","$281,816,657"
"Jul 18, 2022",$0.2951,$0.3228,$0.2948,$0.322,"$27,670,064","$272,911,622"
"Jul 17, 2022",$0.3072,$0.3105,$0.295,$0.295,"$15,879,910","$250,017,302"
"Jul 16, 2022",$0.2935,$0.3086,$0.2923,$0.3071,"$20,021,364","$260,262,047"
"Jul 15, 2022",$0.2902,$0.298,$0.2868,$0.2935,"$21,039,339","$248,744,147"
"Jul 14, 2022",$0.2831,$0.2928,$0.2733,$0.2902,"$17,033,039","$245,933,753"
"Jul 13, 2022",$0.274,$0.2832,$0.2588,$0.2831,"$21,998,189","$239,915,277"
"Jul 12, 2022",$0.2831,$0.2892,$0.2739,$0.274,"$17,133,552","$232,218,695"
"Jul 11, 2022",$0.3137,$0.3137,$0.2813,$0.283,"$27,266,329","$239,882,167"
"Jul 10, 2022",$0.3305,$0.341,$0.3105,$0.3138,"$26,670,228","$265,914,851"
"Jul 09, 2022",$0.3198,$0.3321,$0.3185,$0.3305,"$37,468,418","$280,078,244"
"Jul 08, 2022",$0.3157,$0.3467,$0.313,$0.3199,"$62,342,185","$271,084,780"
"Jul 07, 2022",$0.3076,$0.318,$0.3027,$0.3158,"$16,498,557","$267,646,187"
"Jul 06, 2022",$0.3015,$0.3095,$0.2979,$0.3076,"$21,504,303","$260,687,927"
"Jul 05, 2022",$0.3014,$0.3091,$0.2915,$0.3014,"$29,753,351","$255,476,672"
"Jul 04, 2022",$0.2965,$0.3023,$0.2867,$0.3015,"$17,761,397","$255,527,877"
"Jul 03, 2022",$0.3009,$0.3022,$0.2898,$0.2965,"$16,146,460","$251,270,295"
"Jul 02, 2022",$0.3043,$0.3075,$0.2949,$0.3008,"$17,826,038","$254,967,982"
"Jul 01, 2022",$0.3278,$0.3329,$0.2998,$0.304,"$40,257,649","$257,679,348"
"Jun 30, 2022",$0.3489,$0.3509,$0.3146,$0.3275,"$74,235,266","$277,531,569"
"Jun 29, 2022",$0.3174,$0.3652,$0.3152,$0.3488,"$224,001,257","$295,571,114"
"Jun 28, 2022",$0.3225,$0.3407,$0.316,$0.3174,"$32,908,585","$269,014,634"
"Jun 27, 2022",$0.3136,$0.35,$0.3114,$0.3225,"$64,098,732","$273,309,471"
"Jun 26, 2022",$0.3107,$0.3443,$0.3051,$0.3136,"$56,196,820","$265,792,259"
"Jun 25, 2022",$0.3023,$0.3119,$0.2913,$0.3107,"$24,634,372","$263,314,405"
"Jun 24, 2022",$0.2912,$0.3057,$0.2884,$0.3025,"$25,861,474","$256,331,190"
"Jun 23, 2022",$0.2701,$0.2931,$0.2701,$0.2913,"$27,598,646","$246,872,702"
"Jun 22, 2022",$0.2792,$0.3012,$0.2684,$0.2701,"$39,445,040","$228,925,777"
"Jun 21, 2022",$0.2757,$0.2968,$0.2742,$0.2791,"$40,796,849","$236,494,559"
"Jun 20, 2022",$0.2638,$0.2804,$0.2522,$0.2757,"$35,027,667","$233,613,992"
"Jun 19, 2022",$0.2477,$0.2667,$0.2329,$0.2637,"$28,986,712","$223,492,550"
"Jun 18, 2022",$0.2687,$0.2747,$0.2242,$0.2478,"$30,109,980","$209,992,750"
"Jun 17, 2022",$0.2608,$0.2722,$0.2564,$0.2688,"$27,679,358","$227,800,612"
"Jun 16, 2022",$0.2735,$0.3169,$0.2594,$0.2608,"$106,934,404","$221,021,994"
"Jun 15, 2022",$0.2518,$0.2734,$0.2248,$0.2734,"$49,949,065","$231,679,780"
"Jun 14, 2022",$0.2503,$0.2569,$0.2271,$0.2518,"$31,476,546","$213,400,725"
"Jun 13, 2022",$0.2994,$0.2994,$0.2421,$0.2501,"$50,406,828","$211,991,148"
"Jun 12, 2022",$0.3321,$0.3337,$0.2997,$0.2997,"$32,189,783","$253,975,451"
"Jun 11, 2022",$0.3604,$0.3685,$0.3257,$0.332,"$31,390,420","$281,328,646"
"Jun 10, 2022",$0.3926,$0.3933,$0.3583,$0.3603,"$28,288,648","$305,349,301"
"Jun 09, 2022",$0.3977,$0.3999,$0.39,$0.3927,"$41,418,217","$332,783,112"
"Jun 08, 2022",$0.4086,$0.4168,$0.3967,$0.3977,"$26,705,560","$337,017,886"
"Jun 07, 2022",$0.4288,$0.4288,$0.3947,$0.4085,"$33,545,734","$346,227,282"
"Jun 06, 2022",$0.4068,$0.4365,$0.406,$0.4288,"$61,228,482","$363,421,891"
"Jun 05, 2022",$0.3944,$0.412,$0.3839,$0.4066,"$43,121,877","$344,598,387"
"Jun 04, 2022",$0.3942,$0.3957,$0.3816,$0.3943,"$20,052,047","$334,209,432"
"Jun 03, 2022",$0.4132,$0.4139,$0.3847,$0.394,"$25,383,814","$333,938,416"
"Jun 02, 2022",$0.3996,$0.4131,$0.3837,$0.4131,"$47,077,449","$350,101,443"
"Jun 01, 2022",$0.4197,$0.4491,$0.3921,$0.3997,"$72,179,385","$338,741,223"
"May 31, 2022",$0.4273,$0.4336,$0.4083,$0.4196,"$34,483,951","$355,642,172"
"May 30, 2022",$0.3899,$0.428,$0.386,$0.4274,"$30,990,636","$362,214,523"
"May 29, 2022",$0.3797,$0.3899,$0.3731,$0.3898,"$27,239,336","$330,391,610"
"May 28, 2022",$0.3728,$0.3843,$0.364,$0.3798,"$28,165,478","$321,845,632"
"May 27, 2022",$0.3873,$0.3902,$0.3616,$0.3677,"$41,803,098","$311,609,386"
"May 26, 2022",$0.4182,$0.4242,$0.3719,$0.3874,"$35,693,116","$328,304,027"
"May 25, 2022",$0.4291,$0.4349,$0.4073,$0.4182,"$36,299,359","$354,390,316"
"May 24, 2022",$0.4197,$0.4359,$0.3962,$0.429,"$66,999,479","$363,599,044"
"May 23, 2022",$0.4515,$0.5086,$0.4162,$0.4198,"$108,182,232","$355,801,748"
"May 22, 2022",$0.4391,$0.4685,$0.4296,$0.4518,"$74,397,076","$382,857,980"
"May 21, 2022",$0.4483,$0.4485,$0.4209,$0.4389,"$73,411,695","$371,989,017"
"May 20, 2022",$0.3928,$0.4796,$0.3908,$0.4484,"$204,265,528","$380,016,162"
"May 19, 2022",$0.3716,$0.3961,$0.3568,$0.3928,"$46,932,468","$332,921,298"
"May 18, 2022",$0.4245,$0.4298,$0.3716,$0.3721,"$41,332,757","$315,390,613"
"May 17, 2022",$0.3995,$0.4294,$0.3966,$0.4245,"$41,996,124","$359,779,424"
"May 16, 2022",$0.4443,$0.4464,$0.3904,$0.3992,"$47,342,418","$338,346,791"
"May 15, 2022",$0.4181,$0.4464,$0.4084,$0.4443,"$56,405,166","$376,554,335"
"May 14, 2022",$0.3688,$0.42,$0.3576,$0.4179,"$60,034,407","$354,199,731"
"May 13, 2022",$0.3359,$0.4102,$0.3314,$0.3687,"$57,830,287","$312,483,897"
"May 12, 2022",$0.384,$0.4074,$0.3024,$0.336,"$83,248,696","$284,780,644"
"May 11, 2022",$0.508,$0.5174,$0.3576,$0.3834,"$121,709,884","$324,895,205"
"May 10, 2022",$0.5054,$0.5675,$0.4828,$0.5084,"$109,137,752","$430,879,186"
"May 09, 2022",$0.6252,$0.6388,$0.5,$0.5062,"$98,834,499","$428,986,923"
"May 08, 2022",$0.6685,$0.6743,$0.6168,$0.625,"$72,380,135","$529,702,491"
"May 07, 2022",$0.703,$0.7153,$0.6562,$0.6685,"$74,785,236","$566,531,555"
"May 06, 2022",$0.7174,$0.7362,$0.68,$0.7029,"$96,267,730","$595,730,748"
"May 05, 2022",$0.7999,$0.8243,$0.6911,$0.7174,"$133,857,935","$608,001,721"
"May 04, 2022",$0.696,$0.8029,$0.6954,$0.8002,"$231,632,705","$678,150,796"
"May 03, 2022",$0.7195,$0.7434,$0.6784,$0.6962,"$118,138,546","$590,021,562"
"May 02, 2022",$0.7171,$0.7753,$0.6914,$0.7196,"$177,009,183","$609,887,500"
"May 01, 2022",$0.7559,$0.7559,$0.6904,$0.7172,"$160,928,709","$607,851,371"
"Apr 30, 2022",$0.7411,$0.8297,$0.7411,$0.7561,"$251,868,631","$640,807,599"
"Apr 29, 2022",$0.8154,$0.8223,$0.7406,$0.7411,"$117,290,672","$628,116,293"
"Apr 28, 2022",$0.8769,$0.9302,$0.8075,$0.8153,"$234,392,331","$690,957,078"
"Apr 27, 2022",$0.8364,$0.9066,$0.8119,$0.8771,"$487,786,874","$743,351,987"
"Apr 26, 2022",$0.7779,$0.8882,$0.7499,$0.8363,"$509,018,180","$708,768,626"
"Apr 25, 2022",$0.8091,$0.8104,$0.7365,$0.7779,"$124,705,501","$659,278,143"
"Apr 24, 2022",$0.8388,$0.8571,$0.8045,$0.8089,"$114,461,784","$685,558,261"
"Apr 23, 2022",$0.8588,$0.9125,$0.839,$0.839,"$226,595,630","$711,082,624"
"Apr 22, 2022",$0.9398,$0.9635,$0.8479,$0.8579,"$309,764,128","$727,075,121"
"Apr 21, 2022",$1.09,$1.18,$0.9304,$0.9399,"$1,284,136,797","$796,564,207"
"Apr 20, 2022",$0.7314,$1.09,$0.7043,$1.09,"$501,352,470","$921,814,546"
"Apr 19, 2022",$0.7126,$0.7332,$0.6931,$0.7314,"$37,162,683","$619,838,987"
"Apr 18, 2022",$0.6868,$0.7132,$0.6556,$0.7127,"$83,789,122","$603,969,884"
"Apr 17, 2022",$0.7284,$0.7284,$0.6833,$0.6868,"$124,321,940","$582,067,020"
"Apr 16, 2022",$0.7382,$0.7418,$0.7126,$0.7285,"$30,423,869","$617,400,276"
"Apr 15, 2022",$0.7425,$0.764,$0.7219,$0.7382,"$49,116,539","$625,603,465"
"Apr 14, 2022",$0.763,$0.7948,$0.7374,$0.7424,"$88,493,540","$629,167,060"
"Apr 13, 2022",$0.71,$0.7755,$0.7055,$0.7634,"$75,960,491","$646,964,693"
"Apr 12, 2022",$0.6822,$0.7167,$0.6626,$0.71,"$53,329,317","$601,734,264"
"Apr 11, 2022",$0.7525,$0.7525,$0.6815,$0.6821,"$69,666,310","$578,083,827"
"Apr 10, 2022",$0.8018,$0.8112,$0.7501,$0.7533,"$50,524,693","$638,387,236"
"Apr 09, 2022",$0.7731,$0.8202,$0.7731,$0.8016,"$103,309,522","$679,336,325"
"Apr 08, 2022",$0.7495,$0.8209,$0.7495,$0.7729,"$182,778,076","$655,049,744"
"Apr 07, 2022",$0.703,$0.7525,$0.6956,$0.7494,"$54,402,473","$635,153,562"
"Apr 06, 2022",$0.806,$0.806,$0.7018,$0.7028,"$70,511,571","$595,652,252"
"Apr 05, 2022",$0.8889,$0.8909,$0.8061,$0.8062,"$54,217,461","$683,253,760"
"Apr 04, 2022",$0.9105,$0.9113,$0.8257,$0.889,"$101,539,414","$753,428,777"
"Apr 03, 2022",$0.8519,$0.9477,$0.829,$0.9105,"$237,487,464","$771,652,745"
"Apr 02, 2022",$0.8139,$0.8782,$0.8074,$0.852,"$106,763,978","$722,080,233"
"Apr 01, 2022",$0.7715,$0.8812,$0.7352,$0.8137,"$152,936,806","$689,575,021"
"Mar 31, 2022",$0.8184,$0.8366,$0.7583,$0.7712,"$149,788,077","$653,552,911"
"Mar 30, 2022",$0.7288,$0.8478,$0.6995,$0.8183,"$221,645,663","$693,537,013"
"Mar 29, 2022",$0.6955,$0.7419,$0.6952,$0.7289,"$83,938,938","$617,699,358"
"Mar 28, 2022",$0.7276,$0.7532,$0.6943,$0.696,"$138,668,468","$589,836,670"
"Mar 27, 2022",$0.6273,$0.8215,$0.6246,$0.7276,"$647,034,558","$616,625,532"
"Mar 26, 2022",$0.5845,$0.6341,$0.5788,$0.6273,"$47,291,118","$531,642,921"
"Mar 25, 2022",$0.5908,$0.6072,$0.5724,$0.5845,"$33,853,071","$495,336,073"
"Mar 24, 2022",$0.5897,$0.5927,$0.5698,$0.5908,"$29,583,410","$500,710,372"
"Mar 23, 2022",$0.5618,$0.59,$0.5555,$0.5898,"$33,067,325","$499,843,523"
"Mar 22, 2022",$0.5508,$0.5737,$0.5482,$0.5618,"$31,016,470","$476,102,254"
"Mar 21, 2022",$0.5504,$0.5612,$0.532,$0.5508,"$29,053,196","$466,829,882"
"Mar 20, 2022",$0.5474,$0.5557,$0.5321,$0.5504,"$29,630,647","$466,466,448"
"Mar 19, 2022",$0.5381,$0.5594,$0.5335,$0.5474,"$35,097,062","$463,924,472"
"Mar 18, 2022",$0.5162,$0.5406,$0.5068,$0.5381,"$33,903,557","$456,063,080"
"Mar 17, 2022",$0.5107,$0.5224,$0.504,$0.5163,"$23,806,829","$437,558,769"
"Mar 16, 2022",$0.491,$0.5122,$0.4873,$0.5106,"$36,744,618","$432,767,623"
"Mar 15, 2022",$0.4903,$0.4933,$0.472,$0.491,"$23,460,125","$416,114,521"
"Mar 14, 2022",$0.4749,$0.4906,$0.4719,$0.4903,"$20,455,529","$415,532,570"
"Mar 13, 2022",$0.4957,$0.5039,$0.4745,$0.4749,"$19,343,924","$402,492,563"
"Mar 12, 2022",$0.4892,$0.5004,$0.4889,$0.4958,"$17,599,311","$420,183,569"
"Mar 11, 2022",$0.5027,$0.5094,$0.4849,$0.4892,"$28,542,460","$414,599,221"
"Mar 10, 2022",$0.5228,$0.5261,$0.4885,$0.5026,"$43,555,575","$425,932,520"
"Mar 09, 2022",$0.4965,$0.5338,$0.4939,$0.5228,"$55,837,434","$443,032,748"
"Mar 08, 2022",$0.4726,$0.4979,$0.4712,$0.4963,"$27,835,033","$420,612,137"
"Mar 07, 2022",$0.4798,$0.495,$0.4618,$0.4726,"$47,805,494","$400,510,300"
"Mar 06, 2022",$0.5009,$0.5041,$0.4798,$0.4798,"$17,759,804","$406,589,313"
"Mar 05, 2022",$0.4943,$0.5059,$0.483,$0.5009,"$22,364,917","$424,485,923"
"Mar 04, 2022",$0.5353,$0.5353,$0.4885,$0.4941,"$48,337,219","$418,775,720"
"Mar 03, 2022",$0.5707,$0.5716,$0.5254,$0.5353,"$56,199,618","$453,704,527"
"Mar 02, 2022",$0.5729,$0.607,$0.5525,$0.5707,"$79,554,794","$483,627,357"
"Mar 01, 2022",$0.5739,$0.587,$0.5635,$0.5729,"$38,812,799","$485,531,470"
"Feb 28, 2022",$0.5217,$0.5737,$0.5159,$0.5737,"$38,618,813","$486,250,260"
"Feb 27, 2022",$0.5432,$0.5577,$0.5154,$0.5218,"$63,168,380","$442,195,190"
"Feb 26, 2022",$0.538,$0.5566,$0.538,$0.5432,"$29,057,448","$460,336,724"
"Feb 25, 2022",$0.5088,$0.544,$0.4983,$0.538,"$32,741,944","$455,948,305"
"Feb 24, 2022",$0.5274,$0.5274,$0.4522,$0.5086,"$52,827,755","$431,035,859"
"Feb 23, 2022",$0.5431,$0.5685,$0.5245,$0.5275,"$25,652,030","$447,091,813"
"Feb 22, 2022",$0.5191,$0.5444,$0.5024,$0.5431,"$36,412,911","$460,277,194"
"Feb 21, 2022",$0.5715,$0.5883,$0.5189,$0.5192,"$66,592,275","$440,017,477"
"Feb 20, 2022",$0.5936,$0.5943,$0.5525,$0.5717,"$32,922,595","$484,499,092"
"Feb 19, 2022",$0.597,$0.6043,$0.5634,$0.5936,"$41,071,733","$503,062,924"
"Feb 18, 2022",$0.6205,$0.6375,$0.5886,$0.5971,"$46,835,139","$506,053,149"
"Feb 17, 2022",$0.6772,$0.6776,$0.6102,$0.6201,"$38,099,063","$525,545,369"
"Feb 16, 2022",$0.6417,$0.6915,$0.6311,$0.6776,"$76,842,326","$574,248,666"
"Feb 15, 2022",$0.5947,$0.6502,$0.5914,$0.6416,"$47,602,604","$543,729,369"
"Feb 14, 2022",$0.6111,$0.6114,$0.5773,$0.5948,"$27,393,319","$504,050,856"
"Feb 13, 2022",$0.6183,$0.629,$0.5944,$0.6114,"$25,535,750","$518,123,648"
"Feb 12, 2022",$0.6152,$0.6309,$0.6016,$0.6185,"$27,125,226","$524,159,198"
"Feb 11, 2022",$0.6796,$0.68,$0.6066,$0.6152,"$38,869,562","$521,342,311"
"Feb 10, 2022",$0.7053,$0.7182,$0.6671,$0.6797,"$54,929,647","$576,011,371"
"Feb 09, 2022",$0.6834,$0.7127,$0.6676,$0.7053,"$36,430,380","$597,747,043"
"Feb 08, 2022",$0.679,$0.7015,$0.6479,$0.684,"$49,656,617","$579,685,401"
"Feb 07, 2022",$0.6591,$0.6902,$0.6449,$0.6788,"$58,538,161","$575,253,631"
"Feb 06, 2022",$0.6539,$0.6647,$0.6303,$0.6591,"$29,904,480","$558,595,613"
"Feb 05, 2022",$0.6454,$0.6733,$0.6356,$0.654,"$37,832,582","$554,229,546"
"Feb 04, 2022",$0.6078,$0.6461,$0.5963,$0.6453,"$43,468,263","$546,916,673"
"Feb 03, 2022",$0.5723,$0.6134,$0.5709,$0.6079,"$55,854,614","$515,168,461"
"Feb 02, 2022",$0.5823,$0.5988,$0.5637,$0.5727,"$37,311,869","$485,340,710"
"Feb 01, 2022",$0.5679,$0.5966,$0.5665,$0.5823,"$38,140,046","$493,527,131"
"Jan 31, 2022",$0.553,$0.5679,$0.5275,$0.5679,"$30,282,292","$481,306,413"
"Jan 30, 2022",$0.564,$0.5756,$0.5404,$0.553,"$29,871,171","$468,629,577"
"Jan 29, 2022",$0.5442,$0.5702,$0.5438,$0.5638,"$26,681,220","$477,796,758"
"Jan 28, 2022",$0.5279,$0.5474,$0.5103,$0.5442,"$29,680,633","$461,178,603"
"Jan 27, 2022",$0.5309,$0.5554,$0.5032,$0.528,"$70,817,089","$447,497,422"
"Jan 26, 2022",$0.5211,$0.5724,$0.5171,$0.531,"$47,589,185","$450,023,472"
"Jan 25, 2022",$0.5047,$0.5285,$0.4908,$0.5212,"$42,161,332","$441,673,539"
"Jan 24, 2022",$0.5435,$0.5435,$0.4514,$0.5047,"$55,422,268","$427,697,791"
"Jan 23, 2022",$0.5179,$0.5563,$0.5134,$0.5435,"$40,186,374","$460,624,069"
"Jan 22, 2022",$0.5565,$0.5807,$0.4733,$0.5177,"$100,025,304","$438,719,566"
"Jan 21, 2022",$0.6551,$0.6633,$0.5464,$0.5562,"$62,843,475","$471,352,649"
"Jan 20, 2022",$0.6864,$0.7209,$0.6548,$0.6548,"$26,021,307","$554,976,103"
"Jan 19, 2022",$0.7195,$0.7205,$0.6803,$0.6864,"$26,696,474","$581,688,838"
"Jan 18, 2022",$0.7275,$0.7323,$0.6924,$0.7195,"$32,553,023","$609,770,432"
"Jan 17, 2022",$0.7666,$0.7685,$0.7148,$0.7275,"$28,605,571","$616,548,895"
"Jan 16, 2022",$0.7578,$0.7775,$0.7421,$0.7666,"$43,962,525","$649,722,864"
"Jan 15, 2022",$0.7494,$0.7656,$0.7376,$0.7578,"$26,896,295","$642,248,158"
"Jan 14, 2022",$0.7372,$0.7499,$0.7145,$0.7494,"$31,027,134","$635,133,488"
"Jan 13, 2022",$0.7521,$0.8037,$0.7371,$0.7371,"$50,734,817","$624,701,012"
"Jan 12, 2022",$0.7177,$0.7569,$0.7177,$0.7521,"$29,955,868","$637,389,510"
"Jan 11, 2022",$0.6882,$0.7203,$0.6821,$0.7176,"$29,763,792","$608,136,693"
"Jan 10, 2022",$0.7259,$0.7345,$0.66,$0.6882,"$44,734,019","$583,239,099"
"Jan 09, 2022",$0.7123,$0.7483,$0.7077,$0.726,"$34,303,931","$615,270,375"
"Jan 08, 2022",$0.7506,$0.7624,$0.686,$0.7123,"$44,159,135","$603,670,572"
"Jan 07, 2022",$0.7984,$0.7994,$0.7171,$0.7504,"$63,888,623","$635,999,014"
"Jan 06, 2022",$0.8312,$0.8312,$0.7703,$0.7984,"$65,777,699","$676,673,517"
"Jan 05, 2022",$0.8899,$0.964,$0.8016,$0.8313,"$70,654,469","$704,548,047"
"Jan 04, 2022",$0.9414,$0.9489,$0.8895,$0.8898,"$51,606,028","$754,068,714"
"Jan 03, 2022",$0.8894,$0.9792,$0.888,$0.9414,"$121,409,377","$797,837,445"
"Jan 02, 2022",$0.8669,$0.9077,$0.8496,$0.8894,"$56,009,350","$753,755,583"
"Jan 01, 2022",$0.8045,$0.8663,$0.8045,$0.8663,"$50,251,104","$734,222,031"
"Dec 31, 2021",$0.7973,$0.8319,$0.776,$0.8044,"$48,661,284","$681,732,244"
"Dec 30, 2021",$0.7603,$0.8056,$0.748,$0.7971,"$40,764,342","$675,517,286"
"Dec 29, 2021",$0.8003,$0.8155,$0.7533,$0.7601,"$50,153,386","$644,208,956"
"Dec 28, 2021",$0.8762,$0.8762,$0.7967,$0.8014,"$43,846,140","$679,141,042"
"Dec 27, 2021",$0.8795,$0.9078,$0.8748,$0.8765,"$37,108,481","$742,861,173"
"Dec 26, 2021",$0.8628,$0.8891,$0.8451,$0.8797,"$38,115,721","$745,513,546"
"Dec 25, 2021",$0.8516,$0.8687,$0.8439,$0.863,"$31,718,141","$731,406,522"
"Dec 24, 2021",$0.8855,$0.8904,$0.8442,$0.8514,"$47,829,660","$721,564,527"
"Dec 23, 2021",$0.8246,$0.9082,$0.8126,$0.8843,"$59,089,495","$749,401,038"
"Dec 22, 2021",$0.7845,$0.8512,$0.7833,$0.8247,"$54,340,587","$698,890,782"
"Dec 21, 2021",$0.7545,$0.7846,$0.7487,$0.7837,"$38,506,037","$664,201,159"
"Dec 20, 2021",$0.7716,$0.778,$0.7266,$0.7541,"$57,848,656","$639,061,493"
"Dec 19, 2021",$0.7862,$0.7965,$0.7668,$0.7702,"$34,999,409","$652,759,225"
"Dec 18, 2021",$0.774,$0.8023,$0.7513,$0.7857,"$35,349,653","$665,876,262"
"Dec 17, 2021",$0.7804,$0.7927,$0.7381,$0.7725,"$46,250,731","$654,649,824"
"Dec 16, 2021",$0.7905,$0.8219,$0.7744,$0.7807,"$43,542,105","$660,114,078"
"Dec 15, 2021",$0.7686,$0.8015,$0.7201,$0.7903,"$53,015,193","$668,214,846"
"Dec 14, 2021",$0.7532,$0.7761,$0.7383,$0.7515,"$45,099,040","$635,415,900"
"Dec 13, 2021",$0.8416,$0.8447,$0.7456,$0.7529,"$47,315,639","$636,605,601"
"Dec 12, 2021",$0.8483,$0.8501,$0.8137,$0.8406,"$31,340,930","$710,725,008"
"Dec 11, 2021",$0.8041,$0.8503,$0.7897,$0.848,"$41,773,529","$717,004,778"
"Dec 10, 2021",$0.8693,$0.887,$0.8006,$0.8028,"$77,109,269","$678,784,675"
"Dec 09, 2021",$0.9148,$0.9476,$0.858,$0.8689,"$128,200,330","$734,689,610"
"Dec 08, 2021",$0.9022,$0.9272,$0.854,$0.9158,"$66,383,442","$774,297,616"
"Dec 07, 2021",$0.8647,$0.9468,$0.8565,$0.9013,"$86,258,189","$762,017,587"
"Dec 06, 2021",$0.836,$0.871,$0.7616,$0.8633,"$86,481,466","$729,888,963"
"Dec 05, 2021",$0.8938,$0.9127,$0.8067,$0.836,"$79,178,768","$706,868,801"
"Dec 04, 2021",$1.05,$1.05,$0.7258,$0.8929,"$134,705,031","$754,957,908"
"Dec 03, 2021",$1.12,$1.12,$1.02,$1.05,"$66,110,455","$884,422,713"
"Dec 02, 2021",$1.16,$1.16,$1.10,$1.12,"$72,150,678","$943,796,834"
"Dec 01, 2021",$1.18,$1.19,$1.14,$1.15,"$90,240,641","$975,979,980"
"Nov 30, 2021",$1.20,$1.23,$1.14,$1.18,"$99,871,240","$999,596,668"
"Nov 29, 2021",$1.18,$1.21,$1.13,$1.20,"$81,925,378","$1,014,056,689"
"Nov 28, 2021",$1.25,$1.25,$1.09,$1.18,"$130,309,194","$994,092,106"
"Nov 27, 2021",$1.09,$1.24,$1.09,$1.24,"$184,528,105","$1,049,036,562"
"Nov 26, 2021",$1.17,$1.26,$1.05,$1.09,"$225,160,918","$921,625,573"
"Nov 25, 2021",$1.16,$1.21,$1.14,$1.16,"$148,370,014","$980,435,968"
"Nov 24, 2021",$1.13,$1.17,$1.06,$1.10,"$99,992,160","$926,213,954"
"Nov 23, 2021",$1.08,$1.13,$1.07,$1.12,"$98,626,308","$948,328,014"
"Nov 22, 2021",$1.12,$1.12,$1.07,$1.08,"$67,859,276","$912,807,458"
"Nov 21, 2021",$1.16,$1.16,$1.12,$1.12,"$51,932,441","$949,414,672"
"Nov 20, 2021",$1.15,$1.17,$1.10,$1.15,"$58,301,391","$976,442,260"
"Nov 19, 2021",$1.06,$1.15,$1.04,$1.15,"$82,840,090","$968,715,725"
"Nov 18, 2021",$1.15,$1.19,$1.05,$1.06,"$127,729,237","$896,803,963"
"Nov 17, 2021",$1.12,$1.16,$1.09,$1.16,"$91,904,141","$977,653,236"
"Nov 16, 2021",$1.23,$1.23,$1.06,$1.12,"$117,860,634","$946,990,488"
"Nov 15, 2021",$1.28,$1.30,$1.23,$1.23,"$74,180,825","$1,036,359,988"
"Nov 14, 2021",$1.30,$1.31,$1.24,$1.28,"$69,454,884","$1,078,304,790"
"Nov 13, 2021",$1.32,$1.33,$1.28,$1.30,"$86,493,552","$1,099,387,288"
"Nov 12, 2021",$1.32,$1.43,$1.24,$1.32,"$225,490,709","$1,120,281,874"
"Nov 11, 2021",$1.21,$1.34,$1.19,$1.32,"$173,969,544","$1,119,642,470"
"Nov 10, 2021",$1.31,$1.42,$1.19,$1.21,"$226,844,865","$1,023,991,312"
"Nov 09, 2021",$1.26,$1.44,$1.25,$1.31,"$373,712,045","$1,103,808,496"
"Nov 08, 2021",$1.22,$1.28,$1.19,$1.26,"$111,375,843","$1,066,495,259"
"Nov 07, 2021",$1.24,$1.25,$1.20,$1.22,"$59,787,145","$1,029,949,265"
"Nov 06, 2021",$1.19,$1.24,$1.16,$1.24,"$95,798,694","$1,048,969,625"
"Nov 05, 2021",$1.20,$1.23,$1.16,$1.19,"$95,718,724","$1,010,028,917"
"Nov 04, 2021",$1.24,$1.26,$1.15,$1.20,"$107,674,481","$1,010,824,965"
"Nov 03, 2021",$1.31,$1.31,$1.19,$1.24,"$138,218,978","$1,045,628,640"
"Nov 02, 2021",$1.24,$1.45,$1.23,$1.31,"$409,987,479","$1,109,498,380"
"Nov 01, 2021",$1.19,$1.29,$1.11,$1.23,"$372,953,483","$1,043,432,069"
"Oct 31, 2021",$1.15,$1.66,$1.14,$1.18,"$1,358,586,236","$1,000,770,989"
"Oct 30, 2021",$1.05,$1.33,$1.02,$1.15,"$387,131,732","$973,838,757"
"Oct 29, 2021",$0.9777,$1.07,$0.9677,$1.05,"$93,444,944","$884,154,899"
"Oct 28, 2021",$0.9309,$0.9878,$0.9234,$0.9758,"$80,498,886","$824,889,146"
"Oct 27, 2021",$1.07,$1.08,$0.9199,$0.9313,"$107,549,154","$787,249,412"
"Oct 26, 2021",$1.01,$1.10,$1.01,$1.07,"$121,803,646","$904,220,404"
"Oct 25, 2021",$0.9959,$1.02,$0.991,$1.01,"$50,744,159","$853,583,284"
"Oct 24, 2021",$1.01,$1.02,$0.9734,$0.9967,"$46,850,090","$842,584,519"
"Oct 23, 2021",$1.00,$1.02,$0.988,$1.01,"$43,856,871","$857,544,915"
"Oct 22, 2021",$1.01,$1.03,$0.9876,$1.00,"$73,156,427","$848,170,444"
"Oct 21, 2021",$1.00,$1.09,$0.9975,$1.01,"$145,134,249","$849,924,996"
"Oct 20, 2021",$0.9671,$1.01,$0.9565,$1.00,"$50,953,242","$849,246,854"
"Oct 19, 2021",$0.971,$0.9867,$0.9471,$0.9672,"$53,130,760","$817,627,238"
"Oct 18, 2021",$0.9915,$0.9971,$0.9528,$0.9709,"$51,569,376","$820,775,285"
"Oct 17, 2021",$1.00,$1.02,$0.9574,$0.9909,"$51,161,975","$837,633,553"
"Oct 16, 2021",$1.02,$1.03,$0.9944,$1.00,"$56,039,209","$849,344,039"
"Oct 15, 2021",$1.03,$1.03,$0.9808,$1.02,"$76,423,892","$863,940,343"
"Oct 14, 2021",$1.03,$1.05,$1.01,$1.03,"$61,565,134","$873,521,465"
"Oct 13, 2021",$0.9998,$1.03,$0.9752,$1.03,"$65,117,368","$869,400,216"
"Oct 12, 2021",$1.02,$1.02,$0.9397,$1.00,"$75,142,884","$845,464,987"
"Oct 11, 2021",$1.05,$1.08,$0.9928,$1.02,"$64,458,807","$860,551,688"
"Oct 10, 2021",$1.12,$1.13,$1.04,$1.05,"$81,053,798","$884,065,026"
"Oct 09, 2021",$1.08,$1.12,$1.05,$1.11,"$96,968,334","$942,362,495"
"Oct 08, 2021",$1.03,$1.11,$1.01,$1.08,"$116,979,099","$914,082,943"
"Oct 07, 2021",$1.04,$1.04,$0.996,$1.02,"$69,989,703","$866,099,506"
"Oct 06, 2021",$1.03,$1.06,$0.9562,$1.03,"$94,390,404","$873,670,839"
"Oct 05, 2021",$0.972,$1.03,$0.9601,$1.03,"$73,690,164","$868,901,582"
"Oct 04, 2021",$1.00,$1.00,$0.9398,$0.9715,"$65,186,620","$821,245,334"
"Oct 03, 2021",$0.9761,$1.05,$0.9625,$1.00,"$78,530,228","$848,149,705"
"Oct 02, 2021",$0.981,$1.01,$0.9658,$0.9776,"$65,321,186","$826,395,099"
"Oct 01, 2021",$0.9113,$0.9887,$0.8854,$0.9815,"$96,281,937","$829,714,256"
"Sep 30, 2021",$0.8335,$0.9026,$0.8297,$0.9026,"$75,827,655","$763,036,758"
"Sep 29, 2021",$0.816,$0.8666,$0.8116,$0.8334,"$58,502,367","$704,485,278"
"Sep 28, 2021",$0.8525,$0.8694,$0.8123,$0.8157,"$58,567,719","$689,527,366"
"Sep 27, 2021",$0.8971,$0.9289,$0.8531,$0.8538,"$70,609,149","$721,730,222"
"Sep 26, 2021",$0.9076,$0.965,$0.8184,$0.8928,"$152,272,263","$754,760,733"
"Sep 25, 2021",$0.9183,$0.9236,$0.8715,$0.9048,"$56,573,600","$764,823,261"
"Sep 24, 2021",$0.9955,$0.9965,$0.8426,$0.9143,"$80,153,190","$772,907,124"
"Sep 23, 2021",$0.971,$0.9954,$0.9369,$0.9946,"$63,544,522","$840,807,413"
"Sep 22, 2021",$0.8427,$0.9701,$0.8254,$0.9687,"$83,940,857","$818,895,873"
"Sep 21, 2021",$0.9096,$0.9439,$0.8292,$0.8446,"$82,739,782","$713,972,421"
"Sep 20, 2021",$1.07,$1.07,$0.8796,$0.9043,"$146,225,395","$764,417,762"
"Sep 19, 2021",$1.12,$1.12,$1.05,$1.06,"$70,733,188","$899,206,311"
"Sep 18, 2021",$1.08,$1.13,$1.06,$1.12,"$97,543,358","$942,557,343"
"Sep 17, 2021",$1.14,$1.14,$1.06,$1.08,"$108,047,860","$911,806,800"
"Sep 16, 2021",$1.08,$1.24,$1.06,$1.15,"$280,431,514","$968,211,398"
"Sep 15, 2021",$1.07,$1.08,$1.03,$1.08,"$77,485,330","$914,934,204"
"Sep 14, 2021",$1.01,$1.07,$0.9845,$1.07,"$90,652,105","$900,624,067"
"Sep 13, 2021",$1.06,$1.07,$0.9477,$1.01,"$74,221,118","$853,846,489"
"Sep 12, 2021",$1.03,$1.07,$0.9876,$1.06,"$70,634,864","$895,364,998"
"Sep 11, 2021",$1.01,$1.05,$0.9908,$1.02,"$68,109,308","$863,532,919"
"Sep 10, 2021",$1.07,$1.11,$0.9766,$1.00,"$158,546,302","$848,243,877"
"Sep 09, 2021",$1.00,$1.08,$0.9853,$1.07,"$136,205,438","$900,392,714"
"Sep 08, 2021",$1.01,$1.04,$0.8898,$1.00,"$225,010,349","$848,408,998"
"Sep 07, 2021",$1.29,$1.29,$0.9158,$1.01,"$191,226,249","$855,059,316"
"Sep 06, 2021",$1.31,$1.31,$1.24,$1.29,"$118,646,286","$1,088,312,231"
"Sep 05, 2021",$1.25,$1.31,$1.22,$1.31,"$144,023,877","$1,108,485,245"
"Sep 04, 2021",$1.18,$1.25,$1.16,$1.25,"$169,109,974","$1,053,593,606"
"Sep 03, 2021",$1.12,$1.18,$1.09,$1.18,"$97,690,876","$993,532,653"
"Sep 02, 2021",$1.13,$1.14,$1.10,$1.12,"$85,807,834","$945,609,315"
"Sep 01, 2021",$1.06,$1.13,$1.04,$1.13,"$101,113,528","$951,680,891"
"Aug 31, 2021",$1.05,$1.08,$1.03,$1.07,"$78,178,609","$900,668,812"
"Aug 30, 2021",$1.10,$1.12,$1.04,$1.05,"$88,895,428","$884,170,049"
"Aug 29, 2021",$1.08,$1.12,$1.07,$1.10,"$98,373,773","$927,578,749"
"Aug 28, 2021",$1.11,$1.11,$1.06,$1.08,"$64,540,578","$914,032,222"
"Aug 27, 2021",$1.05,$1.11,$1.00,$1.11,"$78,618,978","$936,914,670"
"Aug 26, 2021",$1.15,$1.17,$1.03,$1.05,"$99,788,066","$885,708,252"
"Aug 25, 2021",$1.06,$1.17,$1.02,$1.15,"$122,242,347","$969,385,625"
"Aug 24, 2021",$1.16,$1.19,$1.04,$1.06,"$119,070,454","$897,362,347"
"Aug 23, 2021",$1.12,$1.18,$1.10,$1.16,"$121,458,166","$979,393,451"
"Aug 22, 2021",$1.07,$1.13,$1.05,$1.12,"$116,240,889","$950,415,725"
"Aug 21, 2021",$1.06,$1.09,$1.02,$1.07,"$98,194,378","$901,595,288"
"Aug 20, 2021",$1.03,$1.06,$1.01,$1.06,"$75,979,263","$894,336,917"
"Aug 19, 2021",$0.9668,$1.03,$0.9279,$1.03,"$68,037,180","$867,515,804"
"Aug 18, 2021",$0.9921,$1.01,$0.9331,$0.9703,"$91,663,299","$820,193,359"
"Aug 17, 2021",$1.03,$1.11,$0.9817,$0.9896,"$104,824,523","$836,572,882"
"Aug 16, 2021",$1.06,$1.11,$1.02,$1.03,"$134,141,835","$874,561,341"
"Aug 15, 2021",$1.07,$1.07,$1.01,$1.06,"$89,974,642","$898,778,200"
"Aug 14, 2021",$1.06,$1.09,$1.02,$1.07,"$131,958,356","$903,571,449"
"Aug 13, 2021",$0.9537,$1.06,$0.9224,$1.05,"$164,658,763","$890,560,189"
"Aug 12, 2021",$0.994,$1.02,$0.9107,$0.9536,"$83,694,377","$806,113,227"
"Aug 11, 2021",$0.9734,$1.04,$0.9549,$0.9938,"$99,752,282","$840,133,601"
"Aug 10, 2021",$0.9569,$0.9882,$0.9226,$0.9733,"$88,013,141","$822,793,357"
"Aug 09, 2021",$0.9327,$0.9632,$0.8896,$0.9551,"$86,253,761","$807,385,542"
"Aug 08, 2021",$0.9329,$1.04,$0.9136,$0.9349,"$201,717,681","$790,320,064"
"Aug 07, 2021",$0.8931,$0.9367,$0.8833,$0.9297,"$87,707,344","$785,898,834"
"Aug 06, 2021",$0.8887,$0.902,$0.8581,$0.8917,"$72,273,915","$753,780,623"
"Aug 05, 2021",$0.8699,$0.9204,$0.8409,$0.8876,"$136,207,490","$750,340,115"
"Aug 04, 2021",$0.8575,$0.8741,$0.8258,$0.8685,"$79,491,445","$734,157,956"
"Aug 03, 2021",$0.8175,$0.8585,$0.777,$0.8581,"$75,916,895","$725,381,914"
"Aug 02, 2021",$0.782,$0.824,$0.7567,$0.8171,"$60,374,514","$690,756,098"
"Aug 01, 2021",$0.8172,$0.8439,$0.7752,$0.7834,"$74,044,521","$662,203,849"
"Jul 31, 2021",$0.7796,$0.8573,$0.7663,$0.8184,"$140,330,705","$691,828,986"
"Jul 30, 2021",$0.7568,$0.7796,$0.7191,$0.7796,"$60,514,495","$659,064,821"
"Jul 29, 2021",$0.7071,$0.7772,$0.69,$0.7539,"$82,732,709","$637,276,156"
"Jul 28, 2021",$0.7101,$0.7252,$0.6913,$0.7057,"$52,486,236","$596,598,826"
"Jul 27, 2021",$0.676,$0.756,$0.6569,$0.7101,"$77,814,423","$600,300,103"
"Jul 26, 2021",$0.6598,$0.7249,$0.6564,$0.677,"$69,572,420","$572,320,430"
"Jul 25, 2021",$0.6583,$0.6615,$0.6315,$0.6582,"$34,660,067","$556,358,169"
"Jul 24, 2021",$0.6501,$0.6768,$0.6442,$0.6587,"$42,874,565","$556,793,586"
"Jul 23, 2021",$0.642,$0.6518,$0.6071,$0.6501,"$39,312,269","$549,532,841"
"Jul 22, 2021",$0.6351,$0.642,$0.6122,$0.6418,"$50,524,090","$542,554,630"
"Jul 21, 2021",$0.5482,$0.6569,$0.5316,$0.6316,"$71,922,745","$533,908,730"
"Jul 20, 2021",$0.5848,$0.5953,$0.5261,$0.548,"$46,819,861","$463,270,180"
"Jul 19, 2021",$0.6243,$0.6283,$0.5785,$0.5825,"$39,354,997","$492,366,802"
"Jul 18, 2021",$0.6272,$0.6542,$0.6126,$0.6244,"$33,331,553","$527,861,360"
"Jul 17, 2021",$0.6186,$0.631,$0.5994,$0.6266,"$36,837,840","$529,717,120"
"Jul 16, 2021",$0.6706,$0.6766,$0.6138,$0.6187,"$48,226,735","$523,032,088"
"Jul 15, 2021",$0.717,$0.7221,$0.6544,$0.668,"$45,669,697","$564,652,598"
"Jul 14, 2021",$0.7152,$0.7223,$0.6669,$0.717,"$43,569,418","$606,081,359"
"Jul 13, 2021",$0.7533,$0.7549,$0.7056,$0.7149,"$36,774,124","$604,291,396"
"Jul 12, 2021",$0.7953,$0.7959,$0.7398,$0.7543,"$45,845,450","$637,619,276"
"Jul 11, 2021",$0.7902,$0.7994,$0.7635,$0.7947,"$51,319,962","$671,769,028"
"Jul 10, 2021",$0.8386,$0.8558,$0.775,$0.7891,"$87,097,933","$667,022,371"
"Jul 09, 2021",$0.8352,$0.8997,$0.7684,$0.8406,"$202,953,045","$710,609,287"
"Jul 08, 2021",$0.7898,$0.8284,$0.7116,$0.8247,"$88,874,096","$697,108,839"
"Jul 07, 2021",$0.7134,$0.8273,$0.7058,$0.7881,"$114,895,726","$666,237,127"
"Jul 06, 2021",$0.6936,$0.7465,$0.693,$0.712,"$65,383,398","$601,898,330"
"Jul 05, 2021",$0.724,$0.7243,$0.6714,$0.6944,"$45,307,569","$586,975,382"
"Jul 04, 2021",$0.7026,$0.7415,$0.6812,$0.7236,"$39,348,063","$611,647,702"
"Jul 03, 2021",$0.6915,$0.7129,$0.6687,$0.7032,"$38,727,302","$594,414,252"
"Jul 02, 2021",$0.6899,$0.6971,$0.6551,$0.6925,"$44,700,860","$585,376,221"
"Jul 01, 2021",$0.7409,$0.7672,$0.6772,$0.6912,"$60,176,615","$584,267,436"
"Jun 30, 2021",$0.7271,$0.7416,$0.6717,$0.7401,"$57,338,772","$625,624,684"
"Jun 29, 2021",$0.7012,$0.7498,$0.695,$0.7221,"$58,813,503","$610,420,103"
"Jun 28, 2021",$0.6367,$0.7156,$0.6302,$0.7005,"$62,601,241","$592,126,433"
"Jun 27, 2021",$0.6014,$0.6377,$0.5831,$0.636,"$41,284,206","$537,596,078"
"Jun 26, 2021",$0.606,$0.6228,$0.5695,$0.6006,"$50,257,914","$507,719,253"
"Jun 25, 2021",$0.6622,$0.6824,$0.5953,$0.6074,"$55,767,124","$513,490,859"
"Jun 24, 2021",$0.6432,$0.6824,$0.6104,$0.6619,"$47,129,885","$559,431,040"
"Jun 23, 2021",$0.5763,$0.6576,$0.5545,$0.6391,"$68,838,359","$540,188,958"
"Jun 22, 2021",$0.602,$0.6434,$0.4997,$0.5763,"$87,732,032","$487,067,029"
"Jun 21, 2021",$0.7919,$0.7975,$0.6006,$0.6027,"$77,358,899","$509,453,882"
"Jun 20, 2021",$0.791,$0.7988,$0.7256,$0.7931,"$56,651,750","$670,369,550"
"Jun 19, 2021",$0.8134,$0.83,$0.7875,$0.7928,"$41,472,853","$670,099,476"
"Jun 18, 2021",$0.8757,$0.8827,$0.7842,$0.8124,"$54,155,837","$686,674,624"
"Jun 17, 2021",$0.8674,$0.9001,$0.8524,$0.875,"$46,579,966","$739,603,783"
"Jun 16, 2021",$0.8951,$0.9397,$0.8567,$0.867,"$62,788,965","$732,777,080"
"Jun 15, 2021",$0.926,$0.9592,$0.8881,$0.9408,"$71,408,130","$795,210,822"
"Jun 14, 2021",$0.895,$0.9327,$0.8687,$0.9116,"$72,635,664","$770,480,538"
"Jun 13, 2021",$0.8525,$0.9001,$0.8105,$0.8969,"$72,478,126","$758,071,726"
"Jun 12, 2021",$0.8638,$0.8907,$0.8049,$0.8512,"$67,316,703","$719,438,777"
"Jun 11, 2021",$0.9324,$0.9495,$0.8527,$0.8637,"$60,248,504","$730,058,850"
"Jun 10, 2021",$0.9662,$0.9833,$0.9136,$0.9325,"$66,980,060","$788,162,995"
"Jun 09, 2021",$0.9557,$0.981,$0.9261,$0.9647,"$118,768,929","$812,187,268"
"Jun 08, 2021",$0.9533,$0.9676,$0.8316,$0.9573,"$91,756,877","$805,940,505"
"Jun 07, 2021",$1.06,$1.08,$0.9478,$0.9526,"$62,952,898","$801,996,522"
"Jun 06, 2021",$1.04,$1.08,$1.03,$1.06,"$55,549,722","$891,528,985"
"Jun 05, 2021",$1.07,$1.14,$1.01,$1.04,"$73,545,649","$877,693,438"
"Jun 04, 2021",$1.19,$1.19,$1.02,$1.07,"$94,000,640","$900,052,827"
"Jun 03, 2021",$1.15,$1.23,$1.10,$1.19,"$125,226,624","$1,002,895,097"
"Jun 02, 2021",$1.03,$1.22,$1.02,$1.15,"$248,197,866","$965,867,728"
"Jun 01, 2021",$1.02,$1.05,$0.9849,$1.03,"$96,968,083","$864,010,138"
"May 31, 2021",$0.9366,$1.02,$0.89,$1.02,"$75,219,352","$859,604,394"
"May 30, 2021",$0.9005,$0.9888,$0.8461,$0.9371,"$73,058,647","$788,950,306"
"May 29, 2021",$0.9654,$1.01,$0.8451,$0.8997,"$82,856,681","$757,468,935"
"May 28, 2021",$1.10,$1.12,$0.9277,$0.9663,"$115,967,935","$813,574,043"
"May 27, 2021",$1.15,$1.19,$1.03,$1.10,"$107,313,324","$922,654,320"
"May 26, 2021",$0.9778,$1.15,$0.9676,$1.15,"$125,137,453","$968,125,690"
"May 25, 2021",$0.9868,$1.03,$0.8891,$0.9766,"$114,996,914","$821,962,134"
"May 24, 2021",$0.7988,$0.9946,$0.7864,$0.9845,"$139,800,143","$828,663,531"
"May 23, 2021",$0.9613,$0.9875,$0.6284,$0.8038,"$151,238,884","$676,569,309"
"May 22, 2021",$1.04,$1.05,$0.8916,$0.9582,"$124,662,830","$806,459,409"
"May 21, 2021",$1.16,$1.22,$0.898,$1.04,"$205,463,123","$875,552,444"
"May 20, 2021",$0.9938,$1.19,$0.8907,$1.16,"$223,207,905","$978,210,521"
"May 19, 2021",$1.60,$1.64,$0.7974,$1.01,"$283,172,204","$846,523,200"
"May 18, 2021",$1.47,$1.69,$1.45,$1.60,"$216,475,037","$1,349,410,495"
"May 17, 2021",$1.57,$1.57,$1.40,$1.47,"$155,164,483","$1,236,237,399"
"May 16, 2021",$1.55,$1.70,$1.47,$1.58,"$162,216,794","$1,326,369,229"
"May 15, 2021",$1.70,$1.72,$1.53,$1.55,"$153,537,124","$1,301,525,321"
"May 14, 2021",$1.61,$1.76,$1.59,$1.71,"$163,317,927","$1,436,325,183"
"May 13, 2021",$1.64,$1.77,$1.52,$1.61,"$277,607,315","$1,357,918,822"
"May 12, 2021",$1.86,$2.02,$1.63,$1.63,"$298,927,776","$1,368,904,971"
"May 11, 2021",$1.74,$1.88,$1.67,$1.86,"$182,809,865","$1,455,107,196"
"May 10, 2021",$1.95,$2.02,$1.66,$1.74,"$228,486,555","$1,357,386,685"
"May 09, 2021",$1.95,$2.00,$1.84,$1.95,"$169,340,805","$1,527,744,619"
"May 08, 2021",$2.01,$2.06,$1.91,$1.95,"$198,559,312","$1,526,372,332"
"May 07, 2021",$2.05,$2.22,$1.95,$2.02,"$408,925,373","$1,576,810,309"
"May 06, 2021",$1.88,$2.10,$1.84,$2.05,"$359,821,042","$1,603,283,280"
"May 05, 2021",$1.68,$1.89,$1.66,$1.88,"$209,912,058","$1,470,760,691"
"May 04, 2021",$1.90,$1.90,$1.65,$1.69,"$193,710,606","$1,320,194,830"
"May 03, 2021",$1.87,$1.97,$1.85,$1.90,"$157,596,933","$1,486,812,199"
"May 02, 2021",$1.94,$1.96,$1.80,$1.87,"$192,472,310","$1,459,862,742"
"May 01, 2021",$1.80,$2.02,$1.77,$1.94,"$271,646,758","$1,515,912,199"
"Apr 30, 2021",$1.67,$1.82,$1.63,$1.80,"$161,576,493","$1,407,782,680"
"Apr 29, 2021",$1.71,$1.76,$1.60,$1.67,"$144,008,087","$1,305,165,230"
"Apr 28, 2021",$1.82,$1.85,$1.62,$1.71,"$201,877,078","$1,335,359,499"
"Apr 27, 2021",$1.52,$1.88,$1.51,$1.82,"$294,454,057","$1,426,103,231"
"Apr 26, 2021",$1.34,$1.54,$1.33,$1.52,"$135,731,586","$1,189,971,148"
"Apr 25, 2021",$1.33,$1.46,$1.26,$1.34,"$168,380,373","$1,044,787,043"
"Apr 24, 2021",$1.47,$1.47,$1.31,$1.32,"$116,356,664","$1,033,591,638"
"Apr 23, 2021",$1.49,$1.54,$1.25,$1.47,"$277,710,445","$1,150,168,441"
"Apr 22, 2021",$1.63,$1.78,$1.49,$1.49,"$212,698,564","$1,167,935,695"
"Apr 21, 2021",$1.71,$1.80,$1.63,$1.64,"$189,079,299","$1,282,528,321"
"Apr 20, 2021",$1.58,$1.76,$1.45,$1.71,"$330,767,649","$1,333,140,097"
"Apr 19, 2021",$1.76,$1.86,$1.58,$1.59,"$192,479,863","$1,240,715,960"
"Apr 18, 2021",$2.06,$2.07,$1.54,$1.75,"$357,361,786","$1,370,012,485"
"Apr 17, 2021",$2.08,$2.20,$2.05,$2.06,"$187,278,212","$1,608,502,302"
"Apr 16, 2021",$2.20,$2.21,$1.98,$2.08,"$257,440,230","$1,628,279,213"
"Apr 15, 2021",$2.16,$2.25,$2.11,$2.21,"$242,026,037","$1,723,917,974"
"Apr 14, 2021",$2.30,$2.35,$2.06,$2.16,"$331,274,985","$1,686,160,136"
"Apr 13, 2021",$2.13,$2.40,$2.10,$2.30,"$395,799,971","$1,798,412,540"
"Apr 12, 2021",$2.13,$2.18,$2.05,$2.13,"$272,347,393","$1,665,099,151"
"Apr 11, 2021",$2.18,$2.25,$2.03,$2.14,"$350,213,662","$1,669,923,507"
"Apr 10, 2021",$2.16,$2.37,$2.09,$2.18,"$558,443,918","$1,706,492,553"
"Apr 09, 2021",$1.86,$2.36,$1.84,$2.16,"$709,723,217","$1,644,555,962"
"Apr 08, 2021",$1.71,$1.86,$1.71,$1.86,"$203,577,728","$1,414,980,043"
"Apr 07, 2021",$1.94,$1.97,$1.60,$1.71,"$347,575,975","$1,302,900,477"
"Apr 06, 2021",$1.82,$1.96,$1.76,$1.95,"$392,729,191","$1,480,387,579"
"Apr 05, 2021",$1.88,$1.91,$1.78,$1.82,"$250,271,242","$1,381,437,015"
"Apr 04, 2021",$1.77,$1.90,$1.74,$1.88,"$258,036,567","$1,429,017,530"
"Apr 03, 2021",$2.01,$2.01,$1.76,$1.77,"$304,127,220","$1,343,857,184"
"Apr 02, 2021",$2.01,$2.08,$1.91,$2.02,"$349,818,503","$1,533,742,938"
"Apr 01, 2021",$1.91,$2.09,$1.87,$2.01,"$523,102,989","$1,526,221,046"
"Mar 31, 2021",$1.87,$2.03,$1.78,$1.91,"$685,315,365","$1,453,301,427"
"Mar 30, 2021",$1.61,$1.94,$1.57,$1.87,"$669,768,881","$1,421,048,791"
"Mar 29, 2021",$1.47,$1.62,$1.47,$1.61,"$263,982,518","$1,221,225,061"
"Mar 28, 2021",$1.42,$1.50,$1.40,$1.47,"$184,437,051","$1,115,487,775"
"Mar 27, 2021",$1.39,$1.44,$1.37,$1.42,"$190,679,090","$1,083,525,533"
"Mar 26, 2021",$1.32,$1.40,$1.32,$1.39,"$131,183,282","$1,060,501,709"
"Mar 25, 2021",$1.39,$1.41,$1.28,$1.32,"$250,654,407","$1,006,067,267"
"Mar 24, 2021",$1.51,$1.61,$1.37,$1.39,"$303,399,723","$1,059,697,755"
"Mar 23, 2021",$1.43,$1.54,$1.37,$1.51,"$250,003,324","$1,150,324,533"
"Mar 22, 2021",$1.46,$1.57,$1.41,$1.43,"$237,302,503","$1,087,982,688"
"Mar 21, 2021",$1.50,$1.53,$1.42,$1.46,"$185,181,207","$1,113,225,663"
"Mar 20, 2021",$1.56,$1.63,$1.50,$1.50,"$219,005,435","$1,141,151,758"
"Mar 19, 2021",$1.52,$1.65,$1.47,$1.57,"$294,587,936","$1,190,315,725"
"Mar 18, 2021",$1.45,$1.74,$1.43,$1.53,"$606,472,102","$1,160,136,574"
"Mar 17, 2021",$1.43,$1.45,$1.34,$1.45,"$191,119,676","$1,103,382,290"
"Mar 16, 2021",$1.33,$1.44,$1.28,$1.43,"$182,422,691","$1,084,086,766"
"Mar 15, 2021",$1.33,$1.37,$1.26,$1.33,"$158,962,955","$1,011,013,369"
"Mar 14, 2021",$1.39,$1.40,$1.32,$1.33,"$127,097,149","$1,012,452,940"
"Mar 13, 2021",$1.34,$1.42,$1.29,$1.39,"$132,596,511","$1,059,730,230"
"Mar 12, 2021",$1.38,$1.39,$1.31,$1.34,"$128,427,524","$1,020,289,804"
"Mar 11, 2021",$1.39,$1.41,$1.34,$1.38,"$130,710,271","$1,046,330,498"
"Mar 10, 2021",$1.47,$1.48,$1.37,$1.39,"$176,950,386","$1,060,483,783"
"Mar 09, 2021",$1.42,$1.47,$1.39,$1.47,"$173,715,934","$1,120,363,493"
"Mar 08, 2021",$1.42,$1.47,$1.37,$1.42,"$207,852,372","$1,081,033,927"
"Mar 07, 2021",$1.37,$1.42,$1.36,$1.42,"$160,884,653","$1,076,268,783"
"Mar 06, 2021",$1.34,$1.40,$1.32,$1.37,"$139,697,736","$1,044,708,148"
"Mar 05, 2021",$1.38,$1.39,$1.30,$1.35,"$158,103,129","$1,022,981,043"
"Mar 04, 2021",$1.47,$1.50,$1.36,$1.38,"$188,180,550","$1,048,984,279"
"Mar 03, 2021",$1.36,$1.52,$1.34,$1.47,"$262,252,025","$1,099,821,925"
"Mar 02, 2021",$1.34,$1.43,$1.29,$1.36,"$263,572,515","$1,021,263,493"
"Mar 01, 2021",$1.21,$1.37,$1.21,$1.34,"$214,940,703","$1,006,328,514"
"Feb 28, 2021",$1.34,$1.35,$1.14,$1.21,"$190,988,675","$906,804,698"
"Feb 27, 2021",$1.32,$1.40,$1.30,$1.34,"$192,079,135","$1,002,901,134"
"Feb 26, 2021",$1.40,$1.42,$1.25,$1.32,"$318,032,413","$990,455,206"
"Feb 25, 2021",$1.53,$1.59,$1.39,$1.39,"$269,654,917","$1,043,611,947"
"Feb 24, 2021",$1.59,$1.67,$1.43,$1.52,"$455,674,147","$1,144,024,535"
"Feb 23, 2021",$1.56,$1.87,$1.21,$1.59,"$1,075,392,680","$1,189,273,083"
"Feb 22, 2021",$1.73,$1.91,$1.34,$1.56,"$689,883,598","$1,167,157,335"
"Feb 21, 2021",$1.54,$1.75,$1.50,$1.73,"$345,019,543","$1,295,293,630"
"Feb 20, 2021",$1.55,$1.69,$1.48,$1.54,"$367,304,157","$1,153,646,437"
"Feb 19, 2021",$1.61,$1.63,$1.51,$1.55,"$240,961,584","$1,166,400,278"
"Feb 18, 2021",$1.56,$1.63,$1.52,$1.61,"$241,320,751","$1,210,285,988"
"Feb 17, 2021",$1.59,$1.60,$1.42,$1.56,"$348,196,330","$1,171,219,644"
"Feb 16, 2021",$1.61,$1.70,$1.51,$1.59,"$305,494,975","$1,189,811,543"
"Feb 15, 2021",$1.80,$1.81,$1.45,$1.61,"$384,502,851","$1,208,451,180"
"Feb 14, 2021",$1.88,$2.00,$1.69,$1.80,"$492,231,583","$1,351,007,061"
"Feb 13, 2021",$1.80,$1.92,$1.66,$1.88,"$478,092,748","$1,413,300,969"
"Feb 12, 2021",$1.76,$2.01,$1.73,$1.81,"$762,009,465","$1,354,512,086"
"Feb 11, 2021",$1.50,$1.81,$1.47,$1.76,"$679,820,825","$1,320,232,663"
"Feb 10, 2021",$1.51,$1.63,$1.39,$1.51,"$490,370,003","$1,130,740,937"
"Feb 09, 2021",$1.47,$1.57,$1.43,$1.52,"$447,578,100","$1,136,815,951"
"Feb 08, 2021",$1.41,$1.66,$1.41,$1.47,"$726,459,383","$1,103,903,521"
"Feb 07, 2021",$1.44,$1.49,$1.26,$1.41,"$532,870,681","$1,057,307,106"
"Feb 06, 2021",$1.59,$1.65,$1.35,$1.44,"$1,053,050,246","$1,079,110,648"
"Feb 05, 2021",$1.03,$1.96,$1.00,$1.60,"$3,091,929,098","$1,198,670,870"
"Feb 04, 2021",$0.7639,$1.11,$0.7228,$1.03,"$863,026,128","$772,140,985"
"Feb 03, 2021",$0.683,$0.7669,$0.6718,$0.7636,"$153,056,046","$572,867,185"
"Feb 02, 2021",$0.684,$0.6911,$0.6592,$0.6831,"$103,635,749","$512,488,015"
"Feb 01, 2021",$0.7011,$0.7059,$0.6442,$0.683,"$141,168,215","$512,384,099"
"Jan 31, 2021",$0.6529,$0.7801,$0.6295,$0.7,"$425,603,439","$525,172,343"
"Jan 30, 2021",$0.6005,$0.6538,$0.5774,$0.6527,"$128,791,105","$489,663,589"
"Jan 29, 2021",$0.6206,$0.6206,$0.5763,$0.6005,"$177,241,170","$450,545,354"
"Jan 28, 2021",$0.587,$0.6752,$0.5805,$0.6117,"$248,749,104","$458,885,313"
"Jan 27, 2021",$0.5434,$0.5989,$0.5131,$0.5877,"$214,540,958","$440,892,456"
"Jan 26, 2021",$0.5218,$0.5513,$0.4991,$0.5435,"$90,594,945","$407,769,264"
"Jan 25, 2021",$0.5482,$0.5627,$0.516,$0.5219,"$86,881,342","$391,531,081"
"Jan 24, 2021",$0.5642,$0.5753,$0.5255,$0.5482,"$118,907,866","$411,242,797"
"Jan 23, 2021",$0.5109,$0.5765,$0.4991,$0.5646,"$108,237,697","$423,563,260"
"Jan 22, 2021",$0.4645,$0.5345,$0.4359,$0.5111,"$102,373,166","$383,444,692"
"Jan 21, 2021",$0.5583,$0.5595,$0.4612,$0.4648,"$95,804,772","$348,706,078"
"Jan 20, 2021",$0.5443,$0.5602,$0.501,$0.558,"$114,679,862","$418,622,771"
"Jan 19, 2021",$0.584,$0.5989,$0.5417,$0.5466,"$111,601,234","$410,116,700"
"Jan 18, 2021",$0.5941,$0.6264,$0.5691,$0.584,"$128,076,965","$438,110,768"
"Jan 17, 2021",$0.5279,$0.6287,$0.5151,$0.5942,"$206,142,591","$445,765,103"
"Jan 16, 2021",$0.5145,$0.5624,$0.5068,$0.5281,"$134,222,601","$396,031,966"
"Jan 15, 2021",$0.5014,$0.5537,$0.4651,$0.5147,"$152,090,648","$385,956,755"
"Jan 14, 2021",$0.5061,$0.5213,$0.4822,$0.5001,"$109,778,122","$375,017,690"
"Jan 13, 2021",$0.4265,$0.5377,$0.4265,$0.5063,"$211,239,749","$379,714,892"
"Jan 12, 2021",$0.4363,$0.46,$0.4113,$0.4266,"$86,290,838","$319,904,141"
"Jan 11, 2021",$0.5287,$0.5287,$0.3842,$0.4366,"$143,517,280","$327,449,243"
"Jan 10, 2021",$0.5468,$0.5828,$0.4637,$0.5293,"$226,751,769","$396,929,923"
"Jan 09, 2021",$0.4397,$0.6143,$0.4267,$0.5466,"$328,941,085","$409,926,457"
"Jan 08, 2021",$0.4398,$0.4597,$0.4044,$0.4399,"$103,864,377","$329,803,808"
"Jan 07, 2021",$0.4612,$0.489,$0.4346,$0.4399,"$152,793,891","$329,828,244"
"Jan 06, 2021",$0.4457,$0.496,$0.4343,$0.4608,"$176,552,071","$345,459,816"
"Jan 05, 2021",$0.3936,$0.4551,$0.3841,$0.4458,"$132,857,011","$334,216,755"
"Jan 04, 2021",$0.3928,$0.4172,$0.3652,$0.3934,"$88,627,754","$294,987,338"
"Jan 03, 2021",$0.3604,$0.3953,$0.3584,$0.3928,"$82,502,316","$294,490,418"
"Jan 02, 2021",$0.375,$0.3972,$0.3585,$0.3604,"$65,734,548","$270,197,335"
"Jan 01, 2021",$0.3544,$0.375,$0.3518,$0.375,"$44,535,777","$281,143,279"
"Dec 31, 2020",$0.3596,$0.366,$0.3503,$0.3543,"$37,349,110","$265,612,318"
"Dec 30, 2020",$0.3655,$0.3698,$0.3495,$0.3598,"$39,904,606","$269,741,339"
"Dec 29, 2020",$0.3768,$0.3831,$0.349,$0.3655,"$54,115,513","$274,013,401"
"Dec 28, 2020",$0.3738,$0.3942,$0.37,$0.3767,"$59,466,214","$282,471,110"
"Dec 27, 2020",$0.3543,$0.4245,$0.3543,$0.3734,"$142,214,520","$279,933,116"
"Dec 26, 2020",$0.3582,$0.3668,$0.3504,$0.3542,"$43,885,187","$265,590,411"
"Dec 25, 2020",$0.3642,$0.3781,$0.3542,$0.3583,"$41,929,966","$268,621,050"
"Dec 24, 2020",$0.3308,$0.3697,$0.3218,$0.3642,"$44,065,872","$273,086,716"
"Dec 23, 2020",$0.3753,$0.3823,$0.313,$0.3303,"$86,229,760","$247,639,728"
"Dec 22, 2020",$0.3791,$0.3853,$0.3583,$0.3753,"$47,822,532","$281,403,382"
"Dec 21, 2020",$0.3953,$0.4054,$0.3712,$0.3795,"$77,049,678","$284,506,849"
"Dec 20, 2020",$0.4241,$0.4241,$0.3908,$0.3953,"$45,781,167","$296,412,625"
"Dec 19, 2020",$0.4126,$0.434,$0.412,$0.4241,"$52,000,923","$318,007,419"
"Dec 18, 2020",$0.4061,$0.4289,$0.3994,$0.4126,"$48,823,497","$309,360,494"
"Dec 17, 2020",$0.4142,$0.4251,$0.3991,$0.4061,"$60,395,126","$304,449,952"
"Dec 16, 2020",$0.3924,$0.4143,$0.3832,$0.4143,"$46,732,403","$310,609,014"
"Dec 15, 2020",$0.3873,$0.402,$0.3865,$0.3925,"$31,763,882","$294,253,767"
"Dec 14, 2020",$0.3961,$0.3963,$0.3829,$0.3873,"$29,747,890","$290,410,744"
"Dec 13, 2020",$0.3927,$0.404,$0.3868,$0.3961,"$31,834,561","$297,003,945"
"Dec 12, 2020",$0.3573,$0.402,$0.3567,$0.3927,"$49,163,629","$294,442,909"
"Dec 11, 2020",$0.3706,$0.3706,$0.3472,$0.3574,"$34,975,929","$267,953,286"
"Dec 10, 2020",$0.3809,$0.3828,$0.3635,$0.3706,"$29,966,076","$277,848,366"
"Dec 09, 2020",$0.3783,$0.3841,$0.3578,$0.3808,"$39,032,012","$285,548,599"
"Dec 08, 2020",$0.4051,$0.407,$0.374,$0.3784,"$36,496,584","$281,478,011"
"Dec 07, 2020",$0.4008,$0.4142,$0.398,$0.4051,"$32,330,256","$301,359,764"
"Dec 06, 2020",$0.4073,$0.4106,$0.3946,$0.4007,"$33,594,446","$298,131,700"
"Dec 05, 2020",$0.3936,$0.4132,$0.3913,$0.4073,"$38,273,497","$303,026,731"
"Dec 04, 2020",$0.4299,$0.4378,$0.3895,$0.3938,"$51,038,276","$292,954,394"
"Dec 03, 2020",$0.4272,$0.4349,$0.4201,$0.4299,"$42,013,118","$319,821,639"
"Dec 02, 2020",$0.4001,$0.4303,$0.3961,$0.4272,"$45,797,831","$317,821,286"
"Dec 01, 2020",$0.427,$0.4475,$0.3947,$0.4002,"$60,009,840","$297,691,336"
"Nov 30, 2020",$0.4148,$0.4312,$0.4052,$0.4267,"$54,339,198","$317,474,968"
"Nov 29, 2020",$0.4154,$0.4195,$0.4054,$0.4147,"$37,263,535","$308,512,495"
"Nov 28, 2020",$0.4027,$0.4289,$0.3927,$0.4153,"$47,669,272","$308,978,175"
"Nov 27, 2020",$0.4074,$0.4237,$0.3862,$0.4025,"$564,954,444","$299,433,232"
"Nov 26, 2020",$0.4444,$0.4568,$0.3713,$0.4072,"$104,254,918","$302,926,492"
"Nov 25, 2020",$0.4632,$0.523,$0.4269,$0.4447,"$127,239,167","$330,800,563"
"Nov 24, 2020",$0.4376,$0.4752,$0.4164,$0.4634,"$113,574,261","$344,738,496"
"Nov 23, 2020",$0.3956,$0.4375,$0.3918,$0.4375,"$62,967,106","$325,447,470"
"Nov 22, 2020",$0.4137,$0.4258,$0.385,$0.3956,"$58,909,153","$294,266,657"
"Nov 21, 2020",$0.3734,$0.4218,$0.3734,$0.4137,"$74,469,116","$307,786,171"
"Nov 20, 2020",$0.3651,$0.3816,$0.3651,$0.3734,"$32,901,745","$277,772,256"
"Nov 19, 2020",$0.3651,$0.3733,$0.3561,$0.3651,"$33,760,838","$271,619,104"
"Nov 18, 2020",$0.3815,$0.3846,$0.3554,$0.3651,"$41,202,076","$271,590,695"
"Nov 17, 2020",$0.3662,$0.3893,$0.3621,$0.3815,"$41,892,739","$283,804,431"
"Nov 16, 2020",$0.3589,$0.3808,$0.3484,$0.3608,"$34,177,127","$268,395,036"
"Nov 15, 2020",$0.3743,$0.3782,$0.343,$0.3589,"$28,442,418","$267,010,223"
"Nov 14, 2020",$0.3861,$0.3861,$0.3584,$0.3743,"$32,224,500","$278,454,147"
"Nov 13, 2020",$0.3601,$0.3864,$0.3591,$0.3861,"$30,479,328","$287,252,634"
"Nov 12, 2020",$0.3622,$0.368,$0.3581,$0.3601,"$30,063,685","$267,894,177"
"Nov 11, 2020",$0.3872,$0.3938,$0.3622,$0.3622,"$42,596,790","$269,469,419"
"Nov 10, 2020",$0.3479,$0.3902,$0.3466,$0.3872,"$48,306,893","$288,059,912"
"Nov 09, 2020",$0.3559,$0.3576,$0.3379,$0.3479,"$33,328,753","$258,817,239"
"Nov 08, 2020",$0.3449,$0.3686,$0.3417,$0.3559,"$32,998,402","$264,793,042"
"Nov 07, 2020",$0.3763,$0.399,$0.3371,$0.3449,"$52,954,358","$256,596,867"
"Nov 06, 2020",$0.3467,$0.3764,$0.3444,$0.3763,"$52,213,487","$279,916,778"
"Nov 05, 2020",$0.3151,$0.3467,$0.3148,$0.3467,"$39,620,027","$257,918,503"
"Nov 04, 2020",$0.3247,$0.3247,$0.3051,$0.3151,"$32,990,552","$234,386,994"
"Nov 03, 2020",$0.3315,$0.3323,$0.3154,$0.3247,"$31,593,794","$241,546,166"
"Nov 02, 2020",$0.3358,$0.352,$0.3314,$0.3315,"$35,720,620","$246,597,588"
"Nov 01, 2020",$0.3225,$0.3399,$0.3192,$0.3358,"$30,215,270","$249,812,773"
"Oct 31, 2020",$0.3236,$0.3326,$0.3205,$0.3225,"$31,078,533","$239,917,383"
"Oct 30, 2020",$0.3314,$0.3396,$0.3172,$0.3236,"$59,807,030","$240,749,227"
"Oct 29, 2020",$0.3351,$0.3446,$0.3277,$0.3314,"$59,593,237","$246,559,104"
"Oct 28, 2020",$0.3609,$0.3643,$0.3307,$0.3351,"$57,855,454","$249,261,471"
"Oct 27, 2020",$0.3555,$0.3707,$0.355,$0.3609,"$54,032,642","$268,489,310"
"Oct 26, 2020",$0.3667,$0.3816,$0.353,$0.3555,"$55,014,782","$264,495,653"
"Oct 25, 2020",$0.3794,$0.3805,$0.3661,$0.3667,"$39,481,999","$272,802,711"
"Oct 24, 2020",$0.3748,$0.3827,$0.3721,$0.3794,"$38,999,213","$282,281,004"
"Oct 23, 2020",$0.3815,$0.3861,$0.3719,$0.3748,"$53,023,692","$278,850,993"
"Oct 22, 2020",$0.3763,$0.3888,$0.3761,$0.3815,"$48,915,133","$283,794,538"
"Oct 21, 2020",$0.3638,$0.3839,$0.3634,$0.376,"$51,828,219","$279,688,698"
"Oct 20, 2020",$0.3884,$0.3887,$0.3562,$0.3638,"$59,687,485","$270,606,522"
"Oct 19, 2020",$0.3894,$0.3965,$0.3849,$0.388,"$43,031,089","$288,630,652"
"Oct 18, 2020",$0.3842,$0.3942,$0.3837,$0.3893,"$41,426,024","$289,371,298"
"Oct 17, 2020",$0.3909,$0.3934,$0.3763,$0.3841,"$55,118,740","$285,521,239"
"Oct 16, 2020",$0.3975,$0.4072,$0.3837,$0.3912,"$63,282,808","$290,796,602"
"Oct 15, 2020",$0.3871,$0.3969,$0.368,$0.3969,"$40,374,617","$294,984,191"
"Oct 14, 2020",$0.4181,$0.4324,$0.3759,$0.3877,"$61,765,635","$288,128,637"
"Oct 13, 2020",$0.3956,$0.4261,$0.3915,$0.4174,"$48,262,270","$310,231,624"
"Oct 12, 2020",$0.3905,$0.4089,$0.3806,$0.3961,"$36,453,162","$294,411,422"
"Oct 11, 2020",$0.3953,$0.3976,$0.3866,$0.3909,"$30,247,568","$290,568,397"
"Oct 10, 2020",$0.39,$0.4068,$0.3897,$0.3953,"$34,852,143","$293,822,220"
"Oct 09, 2020",$0.3673,$0.3947,$0.3622,$0.3902,"$39,302,506","$290,038,794"
"Oct 08, 2020",$0.3571,$0.3725,$0.3397,$0.3666,"$36,009,501","$272,510,882"
"Oct 07, 2020",$0.352,$0.3587,$0.3373,$0.357,"$40,834,823","$265,308,736"
"Oct 06, 2020",$0.3772,$0.3778,$0.3497,$0.352,"$37,153,768","$261,590,382"
"Oct 05, 2020",$0.3767,$0.3812,$0.3715,$0.3776,"$30,999,860","$280,640,923"
"Oct 04, 2020",$0.3767,$0.3815,$0.3653,$0.3762,"$32,685,867","$279,619,443"
"Oct 03, 2020",$0.3898,$0.3935,$0.3769,$0.3769,"$32,268,871","$280,133,907"
"Oct 02, 2020",$0.3992,$0.3998,$0.3602,$0.3898,"$55,868,477","$289,716,459"
"Oct 01, 2020",$0.4102,$0.4297,$0.3902,$0.3988,"$51,480,443","$296,445,538"
"Sep 30, 2020",$0.4075,$0.4106,$0.3894,$0.4093,"$34,490,646","$304,180,474"
"Sep 29, 2020",$0.4122,$0.4186,$0.3862,$0.4068,"$53,040,629","$302,347,849"
"Sep 28, 2020",$0.3938,$0.4406,$0.3938,$0.4157,"$72,965,156","$308,974,584"
"Sep 27, 2020",$0.3932,$0.4038,$0.3768,$0.3935,"$49,360,194","$292,500,382"
"Sep 26, 2020",$0.4074,$0.4106,$0.3844,$0.3933,"$44,601,421","$292,314,448"
"Sep 25, 2020",$0.3818,$0.4117,$0.3721,$0.4041,"$50,655,135","$299,163,860"
"Sep 24, 2020",$0.34,$0.3869,$0.3383,$0.3802,"$44,985,599","$281,414,882"
"Sep 23, 2020",$0.3815,$0.3885,$0.3406,$0.343,"$42,334,866","$253,891,457"
"Sep 22, 2020",$0.3699,$0.39,$0.3521,$0.3798,"$36,870,110","$281,125,232"
"Sep 21, 2020",$0.3978,$0.4081,$0.3532,$0.3697,"$54,486,365","$273,678,836"
"Sep 20, 2020",$0.4318,$0.4318,$0.3892,$0.3976,"$37,446,740","$294,338,997"
"Sep 19, 2020",$0.4177,$0.4318,$0.4057,$0.4282,"$36,649,789","$317,010,615"
"Sep 18, 2020",$0.4422,$0.4436,$0.4133,$0.4187,"$40,827,293","$309,968,531"
"Sep 17, 2020",$0.4296,$0.4526,$0.4291,$0.4422,"$42,502,238","$318,507,095"
"Sep 16, 2020",$0.4521,$0.4521,$0.4276,$0.4297,"$45,320,856","$309,508,129"
"Sep 15, 2020",$0.4744,$0.48,$0.4485,$0.4519,"$44,141,801","$325,502,909"
"Sep 14, 2020",$0.4875,$0.4942,$0.4721,$0.4739,"$46,796,278","$341,316,412"
"Sep 13, 2020",$0.5157,$0.5166,$0.471,$0.4868,"$54,355,302","$350,607,390"
"Sep 12, 2020",$0.5288,$0.5363,$0.5089,$0.5157,"$59,300,894","$371,406,195"
"Sep 11, 2020",$0.4716,$0.5318,$0.4714,$0.5278,"$93,117,926","$380,171,152"
"Sep 10, 2020",$0.4585,$0.4998,$0.4561,$0.4716,"$47,342,555","$339,639,129"
"Sep 09, 2020",$0.4328,$0.4726,$0.423,$0.4585,"$40,246,788","$330,243,429"
"Sep 08, 2020",$0.4583,$0.4619,$0.4204,$0.4329,"$46,864,065","$311,811,043"
"Sep 07, 2020",$0.4618,$0.4815,$0.4222,$0.4586,"$68,562,500","$330,299,288"
"Sep 06, 2020",$0.4298,$0.4688,$0.4134,$0.4618,"$76,495,234","$332,587,644"
"Sep 05, 2020",$0.5153,$0.5214,$0.4097,$0.4298,"$96,568,979","$309,589,144"
"Sep 04, 2020",$0.4509,$0.5213,$0.4308,$0.5164,"$129,203,086","$371,962,044"
"Sep 03, 2020",$0.5566,$0.5706,$0.4509,$0.4516,"$107,164,675","$325,261,546"
"Sep 02, 2020",$0.6041,$0.6055,$0.5224,$0.5564,"$113,274,595","$400,632,533"
"Sep 01, 2020",$0.6153,$0.6291,$0.6043,$0.6046,"$138,340,243","$435,341,606"
"Aug 31, 2020",$0.6379,$0.6398,$0.6132,$0.6155,"$100,420,079","$443,229,606"
"Aug 30, 2020",$0.646,$0.6543,$0.6308,$0.6379,"$79,711,864","$459,354,300"
"Aug 29, 2020",$0.6379,$0.6636,$0.6254,$0.648,"$102,740,804","$466,615,243"
"Aug 28, 2020",$0.6059,$0.6441,$0.5966,$0.6354,"$102,938,989","$457,525,520"
"Aug 27, 2020",$0.662,$0.6774,$0.5921,$0.6065,"$132,263,905","$436,708,255"
"Aug 26, 2020",$0.6515,$0.6907,$0.6214,$0.6623,"$162,338,133","$476,883,084"
"Aug 25, 2020",$0.7318,$0.7325,$0.6104,$0.6516,"$156,475,660","$469,214,388"
"Aug 24, 2020",$0.7237,$0.7528,$0.7006,$0.7308,"$119,033,688","$526,201,446"
"Aug 23, 2020",$0.7266,$0.7963,$0.6911,$0.7232,"$154,269,832","$520,743,663"
"Aug 22, 2020",$0.6913,$0.8404,$0.6412,$0.7304,"$371,284,577","$525,929,963"
"Aug 21, 2020",$0.6128,$0.9492,$0.6124,$0.688,"$905,217,943","$495,450,522"
"Aug 20, 2020",$0.5147,$0.6743,$0.5067,$0.6143,"$173,870,009","$439,824,556"
"Aug 19, 2020",$0.5687,$0.5901,$0.5,$0.5151,"$103,985,541","$368,839,822"
"Aug 18, 2020",$0.5611,$0.6078,$0.5407,$0.5681,"$114,627,323","$406,731,757"
"Aug 17, 2020",$0.597,$0.6193,$0.5493,$0.5609,"$133,449,769","$401,603,266"
"Aug 16, 2020",$0.4988,$0.6061,$0.4853,$0.597,"$193,117,476","$427,441,690"
"Aug 15, 2020",$0.5348,$0.5515,$0.4949,$0.4993,"$183,824,192","$357,526,527"
"Aug 14, 2020",$0.4563,$0.5427,$0.4507,$0.534,"$166,964,812","$382,373,581"
"Aug 13, 2020",$0.4646,$0.4785,$0.4302,$0.4561,"$82,398,314","$326,542,806"
"Aug 12, 2020",$0.4431,$0.4702,$0.4095,$0.4647,"$79,705,120","$332,722,908"
"Aug 11, 2020",$0.4798,$0.4811,$0.4258,$0.4424,"$131,283,360","$316,744,296"
"Aug 10, 2020",$0.4378,$0.4978,$0.4181,$0.48,"$115,105,427","$343,693,327"
"Aug 09, 2020",$0.4195,$0.4471,$0.417,$0.4378,"$66,755,463","$312,605,778"
"Aug 08, 2020",$0.3938,$0.4246,$0.392,$0.4187,"$49,879,818","$298,981,848"
"Aug 07, 2020",$0.4123,$0.428,$0.3852,$0.3942,"$92,058,406","$281,451,841"
"Aug 06, 2020",$0.3982,$0.4145,$0.3874,$0.4128,"$45,073,909","$294,736,461"
"Aug 05, 2020",$0.3964,$0.4099,$0.3945,$0.3988,"$39,908,363","$284,706,816"
"Aug 04, 2020",$0.3821,$0.4052,$0.3818,$0.3963,"$44,848,051","$282,933,733"
"Aug 03, 2020",$0.3787,$0.3902,$0.3767,$0.3821,"$31,716,082","$272,795,993"
"Aug 02, 2020",$0.3987,$0.408,$0.3716,$0.3786,"$45,788,926","$270,345,245"
"Aug 01, 2020",$0.3818,$0.4049,$0.38,$0.3985,"$38,140,124","$284,557,392"
"Jul 31, 2020",$0.3893,$0.3926,$0.3801,$0.3818,"$28,322,265","$272,580,991"
"Jul 30, 2020",$0.3854,$0.3936,$0.3797,$0.3893,"$33,526,017","$273,471,519"
"Jul 29, 2020",$0.3827,$0.41,$0.3822,$0.3855,"$58,552,324","$270,842,234"
"Jul 28, 2020",$0.3663,$0.3856,$0.3628,$0.3827,"$48,258,364","$268,838,937"
"Jul 27, 2020",$0.3847,$0.3865,$0.3432,$0.3659,"$63,199,603","$257,041,761"
"Jul 26, 2020",$0.393,$0.3946,$0.3785,$0.3846,"$37,634,138","$270,214,351"
"Jul 25, 2020",$0.3868,$0.3976,$0.3842,$0.3931,"$34,357,374","$276,133,622"
"Jul 24, 2020",$0.3922,$0.3949,$0.3839,$0.3868,"$38,932,015","$271,718,946"
"Jul 23, 2020",$0.4003,$0.4079,$0.3898,$0.3926,"$38,322,048","$275,812,831"
"Jul 22, 2020",$0.3995,$0.4068,$0.397,$0.4002,"$32,174,937","$281,172,631"
"Jul 21, 2020",$0.3962,$0.4083,$0.3938,$0.3995,"$36,483,300","$280,649,717"
"Jul 20, 2020",$0.4189,$0.4255,$0.3955,$0.3963,"$40,652,715","$278,385,757"
"Jul 19, 2020",$0.4173,$0.4301,$0.4063,$0.4188,"$45,617,212","$294,227,255"
"Jul 18, 2020",$0.397,$0.4313,$0.3879,$0.4173,"$52,061,220","$293,171,901"
"Jul 17, 2020",$0.3993,$0.4114,$0.3828,$0.397,"$45,188,292","$278,884,691"
"Jul 16, 2020",$0.3901,$0.4,$0.3699,$0.3992,"$46,632,222","$280,437,984"
"Jul 15, 2020",$0.3949,$0.4089,$0.3876,$0.3901,"$36,719,591","$274,019,954"
"Jul 14, 2020",$0.4015,$0.4031,$0.3836,$0.395,"$48,604,426","$277,485,883"
"Jul 13, 2020",$0.4249,$0.4267,$0.3984,$0.4021,"$54,434,356","$282,481,839"
"Jul 12, 2020",$0.4364,$0.4415,$0.4173,$0.4249,"$43,465,712","$298,508,824"
"Jul 11, 2020",$0.4108,$0.4419,$0.4087,$0.4364,"$55,172,146","$306,552,935"
"Jul 10, 2020",$0.4276,$0.4295,$0.3979,$0.4108,"$51,932,514","$288,575,788"
"Jul 09, 2020",$0.4481,$0.4494,$0.4126,$0.4277,"$74,302,012","$300,435,326"
"Jul 08, 2020",$0.408,$0.4762,$0.4054,$0.4481,"$132,537,336","$314,548,815"
"Jul 07, 2020",$0.3997,$0.4253,$0.3923,$0.4084,"$66,261,881","$286,696,733"
"Jul 06, 2020",$0.4165,$0.4219,$0.3884,$0.3999,"$90,728,484","$279,088,479"
"Jul 05, 2020",$0.386,$0.4165,$0.3615,$0.4165,"$82,359,992","$290,673,226"
"Jul 04, 2020",$0.3807,$0.4289,$0.3763,$0.3863,"$93,508,052","$269,587,735"
"Jul 03, 2020",$0.347,$0.3991,$0.3438,$0.3804,"$85,466,263","$265,466,580"
"Jul 02, 2020",$0.3368,$0.3589,$0.3358,$0.347,"$35,839,631","$242,161,491"
"Jul 01, 2020",$0.3357,$0.3447,$0.3327,$0.337,"$26,369,661","$235,142,272"
"Jun 30, 2020",$0.3458,$0.3463,$0.334,$0.3358,"$25,975,262","$234,336,911"
"Jun 29, 2020",$0.3328,$0.3475,$0.3288,$0.3463,"$30,112,415","$241,667,075"
"Jun 28, 2020",$0.3339,$0.3427,$0.3243,$0.3331,"$31,966,422","$232,429,146"
"Jun 27, 2020",$0.3518,$0.3668,$0.3229,$0.3339,"$48,571,982","$233,014,111"
"Jun 26, 2020",$0.3356,$0.3615,$0.3342,$0.3512,"$53,892,173","$245,070,757"
"Jun 25, 2020",$0.3445,$0.3478,$0.3315,$0.3357,"$33,451,689","$234,267,955"
"Jun 24, 2020",$0.365,$0.3737,$0.3366,$0.3444,"$45,531,637","$240,308,233"
"Jun 23, 2020",$0.3542,$0.3667,$0.3494,$0.364,"$45,167,707","$253,976,789"
"Jun 22, 2020",$0.3473,$0.363,$0.3466,$0.3546,"$47,760,174","$247,464,764"
"Jun 21, 2020",$0.3488,$0.3579,$0.3442,$0.3474,"$45,185,620","$227,741,633"
"Jun 20, 2020",$0.3298,$0.36,$0.3296,$0.3487,"$53,436,274","$228,584,982"
"Jun 19, 2020",$0.3325,$0.343,$0.3269,$0.3298,"$43,401,783","$216,168,435"
"Jun 18, 2020",$0.3424,$0.3436,$0.3303,$0.3324,"$38,544,125","$217,885,874"
"Jun 17, 2020",$0.3432,$0.3471,$0.3361,$0.3424,"$45,111,088","$224,431,041"
"Jun 16, 2020",$0.3449,$0.3551,$0.3401,$0.3435,"$47,326,914","$225,130,797"
"Jun 15, 2020",$0.3589,$0.3589,$0.3231,$0.3449,"$65,115,245","$226,071,441"
"Jun 14, 2020",$0.3616,$0.3844,$0.3564,$0.3589,"$59,728,044","$235,239,315"
"Jun 13, 2020",$0.3568,$0.3827,$0.3568,$0.3643,"$69,937,204","$238,817,152"
"Jun 12, 2020",$0.3358,$0.3764,$0.3314,$0.357,"$77,891,360","$234,035,862"
"Jun 11, 2020",$0.387,$0.4018,$0.3303,$0.3357,"$98,636,378","$220,021,762"
"Jun 10, 2020",$0.3491,$0.423,$0.3485,$0.387,"$149,483,287","$253,560,810"
"Jun 09, 2020",$0.3195,$0.3489,$0.3191,$0.3489,"$64,458,528","$228,559,046"
"Jun 08, 2020",$0.3227,$0.323,$0.3179,$0.3195,"$23,352,145","$209,304,736"
"Jun 07, 2020",$0.3249,$0.3286,$0.313,$0.3227,"$28,830,773","$211,420,906"
"Jun 06, 2020",$0.3223,$0.329,$0.32,$0.3247,"$27,036,492","$212,731,042"
"Jun 05, 2020",$0.3273,$0.3295,$0.3222,$0.3222,"$29,816,684","$211,054,635"
"Jun 04, 2020",$0.3299,$0.3334,$0.3203,$0.3273,"$38,746,894","$214,405,186"
"Jun 03, 2020",$0.3244,$0.3348,$0.3244,$0.3298,"$47,792,136","$216,054,700"
"Jun 02, 2020",$0.3341,$0.3556,$0.3139,$0.3242,"$78,462,755","$212,365,283"
"Jun 01, 2020",$0.3157,$0.3349,$0.3144,$0.3339,"$54,471,701","$218,772,394"
"May 31, 2020",$0.3372,$0.339,$0.3139,$0.3157,"$54,220,247","$206,815,756"
"May 30, 2020",$0.3337,$0.3412,$0.3293,$0.3371,"$54,798,638","$220,855,729"
"May 29, 2020",$0.3332,$0.3423,$0.3299,$0.3338,"$53,565,802","$218,680,377"
"May 28, 2020",$0.3362,$0.3482,$0.3315,$0.3336,"$58,389,271","$218,534,826"
"May 27, 2020",$0.3472,$0.3541,$0.3304,$0.336,"$66,531,954","$220,134,422"
"May 26, 2020",$0.3214,$0.3593,$0.3203,$0.347,"$96,267,075","$227,279,760"
"May 25, 2020",$0.3047,$0.3276,$0.3022,$0.3216,"$54,848,614","$209,977,144"
"May 24, 2020",$0.3294,$0.3364,$0.305,$0.3051,"$50,186,334","$199,201,347"
"May 23, 2020",$0.3347,$0.3405,$0.3248,$0.3299,"$52,660,987","$215,387,460"
"May 22, 2020",$0.325,$0.3484,$0.3214,$0.3347,"$72,012,456","$218,573,536"
"May 21, 2020",$0.3596,$0.3658,$0.3119,$0.3249,"$72,475,491","$212,164,511"
"May 20, 2020",$0.3582,$0.3817,$0.3542,$0.3598,"$74,722,760","$234,950,778"
"May 19, 2020",$0.3713,$0.3714,$0.3581,$0.3583,"$59,244,559","$233,966,366"
"May 18, 2020",$0.3736,$0.3834,$0.3653,$0.3711,"$81,547,755","$242,325,774"
"May 17, 2020",$0.3838,$0.3915,$0.3735,$0.3745,"$71,917,965","$244,553,787"
"May 16, 2020",$0.3836,$0.4093,$0.3823,$0.3839,"$92,974,957","$250,662,629"
"May 15, 2020",$0.3416,$0.4154,$0.3413,$0.3839,"$165,753,732","$250,678,925"
"May 14, 2020",$0.3474,$0.3638,$0.3364,$0.3415,"$69,698,799","$222,988,799"
"May 13, 2020",$0.3573,$0.3752,$0.3435,$0.3504,"$85,204,734","$228,779,480"
"May 12, 2020",$0.3468,$0.3813,$0.3333,$0.3576,"$104,778,164","$233,518,487"
"May 11, 2020",$0.3974,$0.4055,$0.3415,$0.3464,"$118,336,606","$226,163,347"
"May 10, 2020",$0.4264,$0.4597,$0.3534,$0.3972,"$237,085,826","$259,365,525"
"May 09, 2020",$0.3971,$0.4878,$0.374,$0.4263,"$292,006,974","$278,342,832"
"May 08, 2020",$0.2998,$0.4834,$0.2989,$0.3978,"$366,968,032","$259,754,123"
"May 07, 2020",$0.2159,$0.3417,$0.2128,$0.302,"$148,872,781","$197,189,639"
"May 06, 2020",$0.2065,$0.2216,$0.2044,$0.216,"$35,037,840","$141,075,809"
"May 05, 2020",$0.2053,$0.2111,$0.2011,$0.2066,"$25,261,475","$134,880,375"
"May 04, 2020",$0.2069,$0.2076,$0.1954,$0.2053,"$26,531,167","$134,034,765"
"May 03, 2020",$0.2151,$0.216,$0.2042,$0.2068,"$25,152,529","$135,029,283"
"May 02, 2020",$0.2147,$0.2189,$0.2113,$0.2149,"$27,411,674","$140,338,021"
"May 01, 2020",$0.1993,$0.2144,$0.1993,$0.2144,"$29,316,172","$140,019,249"
"Apr 30, 2020",$0.2145,$0.2205,$0.1966,$0.1993,"$35,509,402","$130,042,503"
"Apr 29, 2020",$0.205,$0.2148,$0.2024,$0.2145,"$32,396,486","$139,939,956"
"Apr 28, 2020",$0.2074,$0.2077,$0.2006,$0.2051,"$32,996,817","$133,805,438"
"Apr 27, 2020",$0.1984,$0.2179,$0.198,$0.2073,"$54,747,953","$135,236,964"
"Apr 26, 2020",$0.1855,$0.199,$0.1851,$0.1984,"$31,681,265","$129,393,300"
"Apr 25, 2020",$0.1865,$0.1884,$0.1833,$0.1856,"$25,859,091","$121,078,683"
"Apr 24, 2020",$0.1745,$0.19,$0.1745,$0.1863,"$29,479,909","$121,476,777"
"Apr 23, 2020",$0.1711,$0.176,$0.1703,$0.1746,"$25,787,883","$113,880,079"
"Apr 22, 2020",$0.1698,$0.1733,$0.1695,$0.1711,"$22,127,927","$111,604,986"
"Apr 21, 2020",$0.1686,$0.1711,$0.165,$0.17,"$26,262,416","$110,844,857"
"Apr 20, 2020",$0.1726,$0.1758,$0.1666,$0.1686,"$27,727,446","$109,963,322"
"Apr 19, 2020",$0.1791,$0.1796,$0.1724,$0.1727,"$22,959,387","$112,595,126"
"Apr 18, 2020",$0.1736,$0.1797,$0.1734,$0.1791,"$25,596,180","$116,811,511"
"Apr 17, 2020",$0.1732,$0.1754,$0.1709,$0.1737,"$20,843,437","$113,244,175"
"Apr 16, 2020",$0.1639,$0.1755,$0.16,$0.1732,"$29,773,461","$112,941,778"
"Apr 15, 2020",$0.1699,$0.1715,$0.1638,$0.1639,"$16,617,377","$106,870,966"
"Apr 14, 2020",$0.1667,$0.1739,$0.1667,$0.1699,"$18,765,580","$110,770,183"
"Apr 13, 2020",$0.17,$0.17,$0.1629,$0.1667,"$17,910,630","$108,624,446"
"Apr 12, 2020",$0.1707,$0.1751,$0.1673,$0.17,"$21,248,815","$110,793,132"
"Apr 11, 2020",$0.1691,$0.1729,$0.1663,$0.1708,"$20,380,322","$111,318,292"
"Apr 10, 2020",$0.19,$0.192,$0.1633,$0.1691,"$29,039,079","$110,189,509"
"Apr 09, 2020",$0.1768,$0.1899,$0.1734,$0.1899,"$22,751,074","$123,743,048"
"Apr 08, 2020",$0.1695,$0.177,$0.1671,$0.1767,"$20,616,744","$115,167,545"
"Apr 07, 2020",$0.1676,$0.181,$0.1661,$0.1694,"$25,871,603","$110,377,914"
"Apr 06, 2020",$0.1545,$0.1683,$0.1539,$0.1673,"$19,401,735","$109,051,913"
"Apr 05, 2020",$0.1571,$0.1574,$0.1539,$0.1545,"$11,463,089","$100,663,665"
"Apr 04, 2020",$0.1557,$0.1575,$0.1537,$0.1571,"$12,932,007","$102,366,131"
"Apr 03, 2020",$0.1546,$0.1582,$0.1525,$0.1557,"$12,990,483","$101,461,331"
"Apr 02, 2020",$0.1516,$0.1584,$0.1515,$0.1544,"$15,627,388","$100,633,776"
"Apr 01, 2020",$0.1533,$0.1533,$0.1464,$0.1518,"$10,802,064","$98,909,582"
"Mar 31, 2020",$0.1512,$0.1545,$0.1505,$0.1533,"$12,982,723","$99,887,934"
"Mar 30, 2020",$0.1448,$0.1533,$0.1442,$0.1513,"$14,541,397","$98,577,797"
"Mar 29, 2020",$0.1496,$0.1512,$0.1445,$0.1446,"$11,970,779","$94,252,563"
"Mar 28, 2020",$0.1524,$0.1524,$0.1453,$0.1494,"$14,729,270","$95,872,674"
"Mar 27, 2020",$0.1588,$0.1604,$0.1524,$0.1526,"$14,719,356","$97,931,161"
"Mar 26, 2020",$0.156,$0.159,$0.1514,$0.1588,"$14,204,497","$101,876,952"
"Mar 25, 2020",$0.1522,$0.1561,$0.1484,$0.156,"$17,244,277","$100,099,168"
"Mar 24, 2020",$0.1508,$0.1576,$0.1471,$0.1521,"$15,898,135","$97,604,594"
"Mar 23, 2020",$0.1417,$0.151,$0.1401,$0.1505,"$18,599,763","$96,561,815"
"Mar 22, 2020",$0.1546,$0.1589,$0.1414,$0.1417,"$13,607,394","$90,892,404"
"Mar 21, 2020",$0.1519,$0.1573,$0.147,$0.1546,"$18,764,365","$99,208,085"
"Mar 20, 2020",$0.1628,$0.1763,$0.1448,$0.1521,"$24,582,486","$97,583,349"
"Mar 19, 2020",$0.142,$0.1673,$0.142,$0.1628,"$23,963,969","$104,422,123"
"Mar 18, 2020",$0.1403,$0.145,$0.1333,$0.1423,"$16,639,472","$91,306,396"
"Mar 17, 2020",$0.1377,$0.1482,$0.1372,$0.1402,"$18,793,958","$89,948,980"
"Mar 16, 2020",$0.1591,$0.1591,$0.1301,$0.1376,"$22,022,983","$86,237,017"
"Mar 15, 2020",$0.1573,$0.1707,$0.1549,$0.159,"$16,558,988","$99,651,509"
"Mar 14, 2020",$0.1675,$0.1713,$0.1522,$0.1575,"$22,358,631","$98,689,643"
"Mar 13, 2020",$0.1504,$0.187,$0.1186,$0.1672,"$46,853,409","$104,757,466"
"Mar 12, 2020",$0.2272,$0.2297,$0.1507,$0.1507,"$40,120,221","$94,435,837"
"Mar 11, 2020",$0.2392,$0.2479,$0.2144,$0.2272,"$29,048,680","$142,340,466"
"Mar 10, 2020",$0.2218,$0.2416,$0.2212,$0.2393,"$28,176,619","$149,937,546"
"Mar 09, 2020",$0.227,$0.2404,$0.2082,$0.221,"$42,657,502","$138,379,551"
"Mar 08, 2020",$0.2628,$0.2629,$0.2275,$0.2275,"$33,641,973","$142,464,071"
"Mar 07, 2020",$0.2824,$0.2841,$0.2558,$0.263,"$31,009,197","$164,697,435"
"Mar 06, 2020",$0.2765,$0.2843,$0.2648,$0.2825,"$36,227,954","$176,953,562"
"Mar 05, 2020",$0.2625,$0.2873,$0.2625,$0.2762,"$34,920,848","$172,979,027"
"Mar 04, 2020",$0.2539,$0.2639,$0.2499,$0.2624,"$24,795,039","$164,361,434"
"Mar 03, 2020",$0.2493,$0.2538,$0.2428,$0.2538,"$20,956,139","$158,981,756"
"Mar 02, 2020",$0.2306,$0.2544,$0.2298,$0.2493,"$28,823,583","$156,123,447"
"Mar 01, 2020",$0.231,$0.238,$0.2257,$0.2306,"$21,043,623","$144,403,565"
"Feb 29, 2020",$0.237,$0.2422,$0.2309,$0.2312,"$19,109,522","$144,788,438"
"Feb 28, 2020",$0.2437,$0.2527,$0.2279,$0.2373,"$27,466,271","$148,608,400"
"Feb 27, 2020",$0.2351,$0.2568,$0.2196,$0.2434,"$32,207,681","$152,428,907"
"Feb 26, 2020",$0.2528,$0.2528,$0.222,$0.235,"$32,158,204","$147,183,816"
"Feb 25, 2020",$0.2679,$0.2679,$0.2456,$0.2532,"$33,033,120","$158,602,124"
"Feb 24, 2020",$0.288,$0.2905,$0.2628,$0.2679,"$27,507,585","$167,751,881"
"Feb 23, 2020",$0.2812,$0.2903,$0.2787,$0.2878,"$23,127,455","$180,238,913"
"Feb 22, 2020",$0.2888,$0.2888,$0.2766,$0.2814,"$25,127,926","$176,259,318"
"Feb 21, 2020",$0.2772,$0.2976,$0.276,$0.289,"$26,934,261","$180,994,804"
"Feb 20, 2020",$0.2804,$0.2872,$0.2662,$0.2773,"$29,095,941","$173,660,131"
"Feb 19, 2020",$0.3067,$0.307,$0.2737,$0.2807,"$26,197,175","$175,771,649"
"Feb 18, 2020",$0.2913,$0.3107,$0.2852,$0.3068,"$33,776,350","$192,120,516"
"Feb 17, 2020",$0.2991,$0.2992,$0.2617,$0.2914,"$42,628,247","$182,469,732"
"Feb 16, 2020",$0.3184,$0.33,$0.2757,$0.299,"$46,528,689","$187,261,271"
"Feb 15, 2020",$0.3453,$0.3571,$0.3004,$0.3172,"$48,976,798","$198,674,636"
"Feb 14, 2020",$0.3202,$0.3516,$0.3135,$0.3453,"$63,020,638","$216,211,709"
"Feb 13, 2020",$0.3113,$0.3306,$0.2893,$0.3209,"$54,378,500","$200,932,614"
"Feb 12, 2020",$0.3021,$0.3163,$0.2998,$0.3113,"$37,674,434","$194,911,819"
"Feb 11, 2020",$0.2839,$0.3042,$0.2741,$0.3021,"$42,354,306","$189,168,882"
"Feb 10, 2020",$0.2962,$0.3,$0.2745,$0.2837,"$34,235,793","$177,687,092"
"Feb 09, 2020",$0.2736,$0.2975,$0.2731,$0.2961,"$31,665,131","$185,350,144"
"Feb 08, 2020",$0.278,$0.2849,$0.2649,$0.2737,"$29,990,410","$171,348,256"
"Feb 07, 2020",$0.2773,$0.2915,$0.2773,$0.2779,"$35,946,750","$173,978,280"
"Feb 06, 2020",$0.2581,$0.2776,$0.2542,$0.2775,"$35,195,571","$173,679,293"
"Feb 05, 2020",$0.2544,$0.2588,$0.2463,$0.258,"$31,486,778","$161,516,759"
"Feb 04, 2020",$0.2359,$0.2611,$0.2355,$0.2545,"$32,741,644","$159,294,292"
"Feb 03, 2020",$0.24,$0.2436,$0.2332,$0.2358,"$17,852,509","$147,627,085"
"Feb 02, 2020",$0.2325,$0.2456,$0.2288,$0.2401,"$19,998,032","$150,319,113"
"Feb 01, 2020",$0.2286,$0.2332,$0.2276,$0.2324,"$14,984,402","$145,480,220"
"Jan 31, 2020",$0.2334,$0.239,$0.2281,$0.2286,"$18,560,584","$143,090,578"
"Jan 30, 2020",$0.2266,$0.2346,$0.2243,$0.2333,"$16,708,532","$146,062,606"
"Jan 29, 2020",$0.2324,$0.2326,$0.2264,$0.2267,"$18,295,525","$141,919,791"
"Jan 28, 2020",$0.2326,$0.2357,$0.2279,$0.2323,"$18,790,964","$145,402,073"
"Jan 27, 2020",$0.2307,$0.2377,$0.2281,$0.2323,"$15,890,593","$143,106,759"
"Jan 26, 2020",$0.2244,$0.2321,$0.224,$0.2307,"$12,892,913","$142,076,866"
"Jan 25, 2020",$0.228,$0.228,$0.2222,$0.2246,"$11,959,920","$138,110,733"
"Jan 24, 2020",$0.2279,$0.2322,$0.2217,$0.228,"$13,999,745","$137,923,329"
"Jan 23, 2020",$0.242,$0.2423,$0.2242,$0.2278,"$15,452,905","$137,810,286"
"Jan 22, 2020",$0.2421,$0.2448,$0.2398,$0.242,"$15,531,508","$146,349,773"
"Jan 21, 2020",$0.2323,$0.2423,$0.2307,$0.2422,"$23,023,994","$146,518,884"
"Jan 20, 2020",$0.2315,$0.2357,$0.229,$0.2324,"$17,394,980","$140,573,819"
"Jan 19, 2020",$0.2445,$0.2463,$0.2243,$0.2315,"$18,772,997","$140,001,066"
"Jan 18, 2020",$0.2543,$0.2556,$0.2399,$0.2446,"$23,509,141","$147,972,400"
"Jan 17, 2020",$0.2486,$0.2596,$0.2422,$0.2545,"$28,188,833","$153,953,007"
"Jan 16, 2020",$0.2449,$0.2539,$0.2288,$0.2485,"$25,590,431","$150,331,244"
"Jan 15, 2020",$0.2362,$0.2485,$0.2265,$0.2447,"$30,177,490","$148,001,045"
"Jan 14, 2020",$0.2116,$0.2431,$0.2094,$0.235,"$27,926,557","$142,112,276"
"Jan 13, 2020",$0.2174,$0.227,$0.2111,$0.2116,"$17,118,143","$127,982,598"
"Jan 12, 2020",$0.2067,$0.2265,$0.2058,$0.2174,"$18,899,182","$131,451,375"
"Jan 11, 2020",$0.2028,$0.2112,$0.2025,$0.2067,"$14,816,007","$124,976,582"
"Jan 10, 2020",$0.207,$0.2162,$0.1997,$0.2024,"$19,916,186","$122,399,801"
"Jan 09, 2020",$0.2129,$0.2129,$0.1991,$0.2072,"$17,056,575","$125,268,978"
"Jan 08, 2020",$0.1894,$0.2214,$0.1876,$0.2131,"$30,946,108","$128,776,675"
"Jan 07, 2020",$0.1968,$0.199,$0.1883,$0.1894,"$14,375,851","$114,499,840"
"Jan 06, 2020",$0.1877,$0.1973,$0.1876,$0.1963,"$13,810,555","$118,652,917"
"Jan 05, 2020",$0.1877,$0.1922,$0.1876,$0.1877,"$9,347,273","$113,427,013"
"Jan 04, 2020",$0.1824,$0.1902,$0.1816,$0.188,"$9,558,107","$113,617,525"
"Jan 03, 2020",$0.1763,$0.1859,$0.1748,$0.1824,"$11,902,025","$110,272,253"
"Jan 02, 2020",$0.183,$0.1849,$0.1755,$0.1762,"$11,649,604","$106,503,497"
"Jan 01, 2020",$0.1816,$0.1863,$0.1803,$0.183,"$10,396,732","$110,582,027"
"Dec 31, 2019",$0.1895,$0.191,$0.1806,$0.1818,"$11,468,991","$109,907,680"
"Dec 30, 2019",$0.1972,$0.1982,$0.1894,$0.1894,"$13,972,812","$114,492,472"
"Dec 29, 2019",$0.185,$0.1992,$0.1844,$0.1974,"$15,552,160","$119,328,241"
"Dec 28, 2019",$0.1867,$0.1873,$0.1833,$0.1853,"$11,414,234","$112,011,266"
"Dec 27, 2019",$0.1829,$0.1887,$0.1801,$0.1863,"$12,442,074","$112,604,789"
"Dec 26, 2019",$0.1825,$0.1862,$0.1808,$0.1825,"$12,300,014","$110,332,685"
"Dec 25, 2019",$0.1857,$0.1888,$0.1815,$0.1828,"$11,553,411","$110,505,077"
"Dec 24, 2019",$0.1847,$0.1878,$0.1818,$0.1856,"$10,448,205","$112,191,368"
"Dec 23, 2019",$0.1926,$0.194,$0.1828,$0.1847,"$11,626,302","$111,657,106"
"Dec 22, 2019",$0.1931,$0.1964,$0.1892,$0.1932,"$11,465,024","$116,760,452"
"Dec 21, 2019",$0.194,$0.1946,$0.189,$0.1933,"$11,383,772","$116,811,909"
"Dec 20, 2019",$0.1892,$0.199,$0.1877,$0.1944,"$13,813,235","$117,509,682"
"Dec 19, 2019",$0.2014,$0.2029,$0.1832,$0.1891,"$14,407,794","$114,290,491"
"Dec 18, 2019",$0.1788,$0.2041,$0.1741,$0.2015,"$18,225,793","$121,818,481"
"Dec 17, 2019",$0.1939,$0.1968,$0.178,$0.1788,"$13,762,633","$108,095,493"
"Dec 16, 2019",$0.2084,$0.2107,$0.192,$0.1937,"$14,634,085","$117,057,130"
"Dec 15, 2019",$0.2124,$0.2126,$0.2032,$0.208,"$18,346,761","$125,728,044"
"Dec 14, 2019",$0.2203,$0.2232,$0.2119,$0.2124,"$12,335,415","$128,379,650"
"Dec 13, 2019",$0.2184,$0.2213,$0.2163,$0.2204,"$16,123,770","$133,184,990"
"Dec 12, 2019",$0.2223,$0.2232,$0.2157,$0.2183,"$13,448,937","$131,968,227"
"Dec 11, 2019",$0.2274,$0.2277,$0.219,$0.2222,"$13,885,792","$134,286,136"
"Dec 10, 2019",$0.2321,$0.2323,$0.2207,$0.2276,"$15,059,888","$137,544,082"
"Dec 09, 2019",$0.2382,$0.2388,$0.2306,$0.2322,"$12,268,346","$140,323,012"
"Dec 08, 2019",$0.2379,$0.2418,$0.2333,$0.2379,"$13,878,444","$143,256,389"
"Dec 07, 2019",$0.2441,$0.2441,$0.2373,$0.238,"$14,524,506","$143,287,843"
"Dec 06, 2019",$0.2329,$0.2482,$0.2315,$0.244,"$15,425,621","$146,909,362"
"Dec 05, 2019",$0.2317,$0.2409,$0.226,$0.2332,"$13,634,104","$140,394,166"
"Dec 04, 2019",$0.2442,$0.2444,$0.2292,$0.2322,"$14,666,012","$139,793,419"
"Dec 03, 2019",$0.2481,$0.2518,$0.2437,$0.244,"$13,512,638","$146,916,012"
"Dec 02, 2019",$0.2609,$0.261,$0.2472,$0.2482,"$14,629,531","$149,459,653"
"Dec 01, 2019",$0.2584,$0.2651,$0.2472,$0.2609,"$63,347,804","$157,089,294"
"Nov 30, 2019",$0.2725,$0.276,$0.2562,$0.2582,"$34,693,630","$155,456,710"
"Nov 29, 2019",$0.2676,$0.2799,$0.2671,$0.2729,"$18,516,192","$164,349,497"
"Nov 28, 2019",$0.2615,$0.2804,$0.2615,$0.2679,"$24,321,271","$161,304,263"
"Nov 27, 2019",$0.2474,$0.2643,$0.2384,$0.2613,"$30,132,733","$157,317,264"
"Nov 26, 2019",$0.2383,$0.2521,$0.2368,$0.2479,"$17,447,122","$149,251,734"
"Nov 25, 2019",$0.2382,$0.2507,$0.2173,$0.2384,"$43,929,595","$143,505,571"
"Nov 24, 2019",$0.2503,$0.2617,$0.2391,$0.2394,"$64,595,492","$144,144,566"
"Nov 23, 2019",$0.2432,$0.2538,$0.2339,$0.2501,"$18,971,929","$150,601,772"
"Nov 22, 2019",$0.2627,$0.2648,$0.2204,$0.2434,"$23,730,433","$146,543,724"
"Nov 21, 2019",$0.2634,$0.2718,$0.2469,$0.2625,"$22,525,343","$158,043,793"
"Nov 20, 2019",$0.2617,$0.2751,$0.2569,$0.2632,"$21,325,786","$158,474,964"
"Nov 19, 2019",$0.2652,$0.2683,$0.2449,$0.2616,"$21,875,541","$157,469,177"
"Nov 18, 2019",$0.2782,$0.2801,$0.2597,$0.2652,"$19,415,204","$159,679,709"
"Nov 17, 2019",$0.2836,$0.2861,$0.2777,$0.2788,"$13,542,740","$167,832,620"
"Nov 16, 2019",$0.2773,$0.2845,$0.2737,$0.2836,"$13,352,076","$170,729,000"
"Nov 15, 2019",$0.2921,$0.2923,$0.2771,$0.2777,"$17,597,950","$167,201,874"
"Nov 14, 2019",$0.302,$0.3038,$0.2832,$0.2919,"$19,662,543","$175,720,838"
"Nov 13, 2019",$0.301,$0.3039,$0.2973,$0.3017,"$54,059,714","$181,610,969"
"Nov 12, 2019",$0.3029,$0.3086,$0.2986,$0.301,"$18,811,114","$181,203,765"
"Nov 11, 2019",$0.308,$0.3128,$0.2988,$0.3031,"$20,257,259","$182,382,621"
"Nov 10, 2019",$0.3042,$0.315,$0.3036,$0.3081,"$21,564,567","$185,399,136"
"Nov 09, 2019",$0.2941,$0.3123,$0.2936,$0.304,"$23,289,189","$182,925,344"
"Nov 08, 2019",$0.3054,$0.3187,$0.2851,$0.294,"$26,646,784","$176,938,011"
"Nov 07, 2019",$0.3066,$0.311,$0.2963,$0.3056,"$24,289,004","$183,863,526"
"Nov 06, 2019",$0.2916,$0.3066,$0.2906,$0.3066,"$19,865,899","$184,480,983"
"Nov 05, 2019",$0.2957,$0.2972,$0.2885,$0.2915,"$18,542,169","$175,413,777"
"Nov 04, 2019",$0.2954,$0.2991,$0.2844,$0.2963,"$19,832,087","$178,306,059"
"Nov 03, 2019",$0.2946,$0.3045,$0.2932,$0.2954,"$20,218,758","$177,727,217"
"Nov 02, 2019",$0.2999,$0.3054,$0.2912,$0.2944,"$32,842,740","$177,146,321"
"Nov 01, 2019",$0.2741,$0.3102,$0.2719,$0.2999,"$33,046,661","$180,435,308"
"Oct 31, 2019",$0.2726,$0.2848,$0.2671,$0.2738,"$20,240,826","$164,785,776"
"Oct 30, 2019",$0.2811,$0.2828,$0.2618,$0.2725,"$25,351,941","$163,988,542"
"Oct 29, 2019",$0.2876,$0.2894,$0.2769,$0.2809,"$21,025,960","$169,051,851"
"Oct 28, 2019",$0.2872,$0.2964,$0.2827,$0.2876,"$29,490,346","$173,043,640"
"Oct 27, 2019",$0.293,$0.2991,$0.2803,$0.2875,"$48,253,340","$172,988,311"
"Oct 26, 2019",$0.3062,$0.3109,$0.2843,$0.2928,"$51,751,167","$176,067,922"
"Oct 25, 2019",$0.3008,$0.315,$0.2925,$0.3062,"$32,787,185","$184,134,620"
"Oct 24, 2019",$0.2947,$0.3109,$0.2874,$0.3008,"$26,894,006","$180,849,638"
"Oct 23, 2019",$0.3131,$0.3316,$0.285,$0.2947,"$37,444,481","$177,206,084"
"Oct 22, 2019",$0.324,$0.3249,$0.3124,$0.3131,"$20,792,413","$188,249,219"
"Oct 21, 2019",$0.332,$0.3321,$0.3207,$0.3241,"$27,005,589","$194,889,274"
"Oct 20, 2019",$0.3195,$0.3461,$0.3079,$0.3317,"$44,200,204","$199,447,082"
"Oct 19, 2019",$0.3009,$0.3196,$0.2941,$0.3193,"$21,790,245","$191,946,393"
"Oct 18, 2019",$0.3154,$0.3206,$0.2948,$0.3009,"$22,481,098","$180,913,873"
"Oct 17, 2019",$0.3101,$0.3284,$0.3072,$0.3153,"$30,413,310","$189,539,795"
"Oct 16, 2019",$0.3181,$0.3215,$0.2761,$0.3102,"$42,672,770","$186,499,462"
"Oct 15, 2019",$0.3314,$0.344,$0.3046,$0.318,"$42,728,586","$191,161,996"
"Oct 14, 2019",$0.292,$0.3408,$0.2889,$0.331,"$62,509,000","$199,000,750"
"Oct 13, 2019",$0.2584,$0.295,$0.258,$0.292,"$21,770,753","$175,553,424"
"Oct 12, 2019",$0.2588,$0.2644,$0.2547,$0.2584,"$13,758,321","$155,368,540"
"Oct 11, 2019",$0.2722,$0.2798,$0.2589,$0.259,"$20,107,004","$155,719,063"
"Oct 10, 2019",$0.256,$0.2762,$0.249,$0.2723,"$36,560,148","$163,685,075"
"Oct 09, 2019",$0.2605,$0.2797,$0.2492,$0.256,"$40,802,410","$153,901,912"
"Oct 08, 2019",$0.2212,$0.2612,$0.2212,$0.2608,"$26,670,610","$156,744,682"
"Oct 07, 2019",$0.214,$0.2271,$0.2112,$0.221,"$14,036,665","$132,831,195"
"Oct 06, 2019",$0.221,$0.2227,$0.212,$0.214,"$11,120,018","$128,577,354"
"Oct 05, 2019",$0.2207,$0.225,$0.2151,$0.221,"$11,900,295","$132,809,596"
"Oct 04, 2019",$0.2122,$0.2281,$0.2079,$0.2209,"$15,435,350","$132,740,351"
"Oct 03, 2019",$0.2082,$0.2143,$0.203,$0.2123,"$11,615,416","$127,560,232"
"Oct 02, 2019",$0.2124,$0.2202,$0.204,$0.2082,"$23,453,377","$125,089,952"
"Oct 01, 2019",$0.2045,$0.2227,$0.2015,$0.2123,"$16,382,086","$127,589,643"
"Sep 30, 2019",$0.2029,$0.2094,$0.1917,$0.2044,"$26,005,769","$122,812,002"
"Sep 29, 2019",$0.212,$0.2139,$0.1991,$0.2031,"$14,814,277","$122,032,646"
"Sep 28, 2019",$0.2156,$0.221,$0.2114,$0.212,"$86,337,729","$127,359,939"
"Sep 27, 2019",$0.22,$0.2256,$0.2124,$0.2157,"$24,362,698","$129,596,278"
"Sep 26, 2019",$0.2125,$0.2352,$0.2092,$0.2201,"$33,724,342","$132,224,122"
"Sep 25, 2019",$0.1918,$0.2126,$0.1904,$0.2124,"$23,000,991","$127,611,766"
"Sep 24, 2019",$0.2099,$0.2328,$0.1853,$0.1927,"$23,121,203","$115,773,754"
"Sep 23, 2019",$0.2376,$0.2385,$0.2091,$0.2098,"$15,656,099","$126,029,614"
"Sep 22, 2019",$0.2461,$0.2578,$0.2324,$0.2384,"$21,577,848","$143,208,728"
"Sep 21, 2019",$0.2336,$0.2547,$0.2246,$0.2463,"$24,774,448","$147,954,685"
"Sep 20, 2019",$0.2268,$0.2597,$0.2134,$0.2336,"$47,224,253","$140,367,917"
"Sep 19, 2019",$0.1926,$0.2384,$0.1881,$0.2261,"$31,977,129","$135,838,356"
"Sep 18, 2019",$0.1738,$0.2011,$0.1735,$0.1925,"$18,510,126","$115,625,599"
"Sep 17, 2019",$0.1642,$0.1745,$0.1633,$0.1738,"$9,904,754","$104,416,811"
"Sep 16, 2019",$0.1653,$0.168,$0.1613,$0.1644,"$6,447,492","$98,732,106"
"Sep 15, 2019",$0.166,$0.1664,$0.1641,$0.1651,"$6,314,921","$99,194,009"
"Sep 14, 2019",$0.1616,$0.1686,$0.1609,$0.166,"$7,804,847","$99,701,527"
"Sep 13, 2019",$0.1608,$0.1634,$0.1582,$0.1616,"$6,080,760","$97,061,306"
"Sep 12, 2019",$0.1573,$0.1655,$0.1561,$0.1609,"$6,860,805","$96,638,594"
"Sep 11, 2019",$0.1609,$0.1622,$0.1571,$0.1574,"$5,248,354","$94,558,537"
"Sep 10, 2019",$0.1637,$0.1661,$0.1599,$0.1608,"$6,194,135","$96,583,141"
"Sep 09, 2019",$0.162,$0.1644,$0.1594,$0.1637,"$7,113,195","$98,360,953"
"Sep 08, 2019",$0.1643,$0.1661,$0.1612,$0.1618,"$7,080,102","$97,141,738"
"Sep 07, 2019",$0.1571,$0.1647,$0.1545,$0.1644,"$5,956,638","$98,713,312"
"Sep 06, 2019",$0.1593,$0.1616,$0.1543,$0.1571,"$8,101,014","$94,327,587"
"Sep 05, 2019",$0.165,$0.1662,$0.1592,$0.1593,"$7,559,724","$95,661,577"
"Sep 04, 2019",$0.1708,$0.1712,$0.1644,$0.1649,"$7,019,159","$99,001,968"
"Sep 03, 2019",$0.1722,$0.1732,$0.1659,$0.171,"$8,802,298","$102,660,853"
"Sep 02, 2019",$0.1609,$0.1718,$0.1604,$0.1718,"$6,714,244","$103,188,593"
"Sep 01, 2019",$0.1625,$0.163,$0.157,$0.1609,"$6,349,698","$96,644,714"
"Aug 31, 2019",$0.1638,$0.1654,$0.1604,$0.1624,"$6,785,687","$97,512,558"
"Aug 30, 2019",$0.1538,$0.1647,$0.1524,$0.1638,"$6,131,991","$98,370,876"
"Aug 29, 2019",$0.1592,$0.1594,$0.1516,$0.1537,"$9,473,238","$92,286,660"
"Aug 28, 2019",$0.1724,$0.1732,$0.1586,$0.159,"$9,500,176","$95,482,642"
"Aug 27, 2019",$0.1784,$0.1786,$0.1696,$0.1725,"$11,337,630","$103,600,188"
"Aug 26, 2019",$0.1798,$0.1827,$0.1767,$0.1784,"$12,826,124","$107,138,572"
"Aug 25, 2019",$0.1858,$0.1887,$0.1766,$0.1797,"$11,836,274","$107,889,099"
"Aug 24, 2019",$0.1854,$0.2029,$0.1838,$0.1858,"$24,328,141","$111,587,916"
"Aug 23, 2019",$0.1763,$0.2062,$0.1719,$0.1853,"$18,690,437","$111,269,945"
"Aug 22, 2019",$0.1711,$0.179,$0.1677,$0.1763,"$11,359,122","$105,893,116"
"Aug 21, 2019",$0.1685,$0.1721,$0.1617,$0.1712,"$11,301,621","$102,784,795"
"Aug 20, 2019",$0.1751,$0.1753,$0.1674,$0.1686,"$4,910,932","$101,231,337"
"Aug 19, 2019",$0.1754,$0.1774,$0.1723,$0.1752,"$5,158,668","$105,176,140"
"Aug 18, 2019",$0.1722,$0.1768,$0.1694,$0.1754,"$4,085,395","$105,288,542"
"Aug 17, 2019",$0.175,$0.175,$0.1696,$0.1723,"$4,023,013","$103,428,297"
"Aug 16, 2019",$0.1737,$0.1859,$0.1704,$0.1748,"$9,782,103","$104,972,404"
"Aug 15, 2019",$0.1632,$0.1777,$0.1569,$0.1736,"$9,135,356","$104,206,543"
"Aug 14, 2019",$0.1819,$0.1819,$0.163,$0.163,"$11,242,065","$97,872,660"
"Aug 13, 2019",$0.1884,$0.1888,$0.1778,$0.1818,"$10,736,772","$109,157,428"
"Aug 12, 2019",$0.1934,$0.194,$0.1881,$0.1881,"$6,387,931","$112,963,156"
"Aug 11, 2019",$0.1921,$0.1952,$0.1914,$0.1935,"$7,187,006","$116,199,752"
"Aug 10, 2019",$0.1881,$0.2025,$0.1881,$0.1921,"$8,847,413","$115,331,592"
"Aug 09, 2019",$0.1891,$0.1982,$0.182,$0.1881,"$9,677,418","$112,910,910"
"Aug 08, 2019",$0.1972,$0.198,$0.1858,$0.1889,"$8,497,325","$113,381,578"
"Aug 07, 2019",$0.1994,$0.2022,$0.1958,$0.1972,"$9,226,968","$118,316,828"
"Aug 06, 2019",$0.214,$0.214,$0.1976,$0.1994,"$11,257,456","$119,645,357"
"Aug 05, 2019",$0.2132,$0.2188,$0.213,$0.2139,"$11,322,273","$128,306,647"
"Aug 04, 2019",$0.2162,$0.2175,$0.2119,$0.2131,"$8,513,464","$127,835,291"
"Aug 03, 2019",$0.216,$0.2197,$0.2154,$0.2163,"$8,869,485","$129,750,954"
"Aug 02, 2019",$0.2207,$0.2213,$0.2135,$0.2159,"$8,829,963","$129,541,988"
"Aug 01, 2019",$0.2241,$0.2249,$0.2177,$0.2204,"$10,158,812","$132,251,501"
"Jul 31, 2019",$0.2241,$0.2281,$0.2199,$0.2243,"$9,974,554","$134,558,372"
"Jul 30, 2019",$0.2229,$0.2256,$0.2193,$0.2242,"$8,253,701","$134,488,201"
"Jul 29, 2019",$0.227,$0.2295,$0.2212,$0.223,"$9,184,880","$133,782,380"
"Jul 28, 2019",$0.2236,$0.2305,$0.2186,$0.2271,"$9,212,596","$136,089,168"
"Jul 27, 2019",$0.2345,$0.2379,$0.2205,$0.2234,"$10,112,140","$133,615,098"
"Jul 26, 2019",$0.2341,$0.2349,$0.2276,$0.2345,"$8,012,666","$140,259,666"
"Jul 25, 2019",$0.2267,$0.2368,$0.2267,$0.2341,"$10,495,772","$140,016,913"
"Jul 24, 2019",$0.224,$0.2289,$0.2162,$0.2265,"$10,555,607","$135,481,671"
"Jul 23, 2019",$0.236,$0.2398,$0.2232,$0.224,"$10,438,284","$133,996,388"
"Jul 22, 2019",$0.244,$0.2447,$0.2304,$0.2359,"$11,815,607","$141,110,447"
"Jul 21, 2019",$0.2478,$0.2481,$0.2373,$0.244,"$10,059,703","$145,942,610"
"Jul 20, 2019",$0.2356,$0.2572,$0.2347,$0.2476,"$10,405,068","$148,121,479"
"Jul 19, 2019",$0.2384,$0.2422,$0.2308,$0.2356,"$10,924,334","$140,917,408"
"Jul 18, 2019",$0.2274,$0.241,$0.2193,$0.2383,"$14,029,176","$142,567,025"
"Jul 17, 2019",$0.2177,$0.2379,$0.208,$0.2274,"$16,972,796","$136,024,833"
"Jul 16, 2019",$0.2447,$0.2643,$0.2162,$0.2179,"$22,019,132","$130,342,383"
"Jul 15, 2019",$0.2227,$0.267,$0.2079,$0.2449,"$27,460,263","$146,506,292"
"Jul 14, 2019",$0.2566,$0.258,$0.2228,$0.2228,"$13,552,927","$133,274,369"
"Jul 13, 2019",$0.2663,$0.2688,$0.2497,$0.2564,"$11,108,094","$153,392,611"
"Jul 12, 2019",$0.2575,$0.2724,$0.2506,$0.2662,"$13,845,133","$159,255,087"
"Jul 11, 2019",$0.2706,$0.2715,$0.253,$0.2571,"$15,718,386","$153,758,674"
"Jul 10, 2019",$0.2935,$0.2945,$0.2655,$0.2706,"$17,546,513","$161,811,768"
"Jul 09, 2019",$0.2919,$0.2959,$0.2867,$0.2934,"$14,955,444","$175,474,179"
"Jul 08, 2019",$0.2995,$0.3126,$0.2893,$0.2917,"$17,877,167","$174,347,744"
"Jul 07, 2019",$0.2931,$0.303,$0.2917,$0.2995,"$11,858,225","$179,056,148"
"Jul 06, 2019",$0.2888,$0.3001,$0.2876,$0.2932,"$14,358,006","$175,264,681"
"Jul 05, 2019",$0.2895,$0.2928,$0.2843,$0.289,"$13,514,739","$172,748,537"
"Jul 04, 2019",$0.3039,$0.3049,$0.288,$0.2895,"$14,329,645","$173,077,176"
"Jul 03, 2019",$0.2945,$0.3054,$0.2938,$0.3039,"$20,297,993","$181,675,075"
"Jul 02, 2019",$0.3083,$0.3099,$0.2819,$0.2943,"$17,217,327","$175,920,405"
"Jul 01, 2019",$0.297,$0.3121,$0.2933,$0.308,"$19,004,868","$184,136,857"
"Jun 30, 2019",$0.3187,$0.3253,$0.2964,$0.2964,"$18,618,822","$177,206,218"
"Jun 29, 2019",$0.3186,$0.3193,$0.3028,$0.3186,"$21,966,185","$190,465,321"
"Jun 28, 2019",$0.3151,$0.344,$0.3112,$0.3185,"$27,682,201","$190,383,856"
"Jun 27, 2019",$0.3243,$0.3255,$0.2881,$0.3148,"$21,480,762","$188,161,944"
"Jun 26, 2019",$0.3376,$0.3483,$0.3215,$0.3243,"$29,957,280","$193,876,338"
"Jun 25, 2019",$0.3382,$0.3449,$0.3319,$0.3375,"$15,529,515","$201,747,831"
"Jun 24, 2019",$0.3426,$0.3427,$0.3336,$0.3382,"$13,667,644","$202,132,621"
"Jun 23, 2019",$0.3471,$0.3566,$0.3424,$0.3429,"$16,403,506","$204,950,005"
"Jun 22, 2019",$0.3345,$0.3528,$0.3325,$0.3471,"$22,209,169","$207,480,333"
"Jun 21, 2019",$0.3297,$0.3377,$0.329,$0.3341,"$14,892,901","$199,682,030"
"Jun 20, 2019",$0.3409,$0.3415,$0.3272,$0.3298,"$17,478,658","$197,122,761"
"Jun 19, 2019",$0.3377,$0.3471,$0.3359,$0.3409,"$11,979,352","$203,780,638"
"Jun 18, 2019",$0.3467,$0.3563,$0.3347,$0.3376,"$23,995,414","$201,793,457"
"Jun 17, 2019",$0.3494,$0.3558,$0.346,$0.3468,"$23,117,000","$207,316,818"
"Jun 16, 2019",$0.3584,$0.3621,$0.342,$0.3493,"$46,698,311","$208,811,204"
"Jun 15, 2019",$0.3364,$0.3638,$0.3348,$0.3588,"$50,942,118","$214,483,381"
"Jun 14, 2019",$0.3257,$0.3427,$0.3161,$0.3365,"$43,670,316","$201,137,905"
"Jun 13, 2019",$0.3324,$0.3335,$0.3254,$0.3255,"$34,793,957","$194,554,020"
"Jun 12, 2019",$0.3259,$0.3348,$0.3226,$0.3321,"$28,319,284","$198,497,942"
"Jun 11, 2019",$0.3299,$0.3306,$0.3176,$0.3256,"$22,800,631","$194,629,429"
"Jun 10, 2019",$0.3153,$0.3331,$0.313,$0.3295,"$29,333,267","$196,952,823"
"Jun 09, 2019",$0.3384,$0.3401,$0.3109,$0.316,"$28,894,318","$188,832,763"
"Jun 08, 2019",$0.3325,$0.3674,$0.3319,$0.3385,"$40,586,014","$202,308,717"
"Jun 07, 2019",$0.3215,$0.3371,$0.3186,$0.3328,"$24,185,424","$198,845,425"
"Jun 06, 2019",$0.3152,$0.3294,$0.3088,$0.3213,"$29,827,963","$192,022,307"
"Jun 05, 2019",$0.3042,$0.3182,$0.3028,$0.3147,"$23,201,370","$188,085,284"
"Jun 04, 2019",$0.3192,$0.3194,$0.2957,$0.3039,"$24,041,531","$181,586,697"
"Jun 03, 2019",$0.3415,$0.3444,$0.3179,$0.3195,"$24,506,718","$190,920,084"
"Jun 02, 2019",$0.3349,$0.3421,$0.3337,$0.3413,"$26,722,813","$203,947,018"
"Jun 01, 2019",$0.3429,$0.3438,$0.333,$0.335,"$21,346,163","$200,179,755"
"May 31, 2019",$0.3258,$0.3433,$0.3166,$0.3426,"$31,033,992","$204,744,139"
"May 30, 2019",$0.3431,$0.3701,$0.3168,$0.3258,"$48,731,327","$194,720,505"
"May 29, 2019",$0.3352,$0.3562,$0.3254,$0.3432,"$39,011,238","$205,083,447"
"May 28, 2019",$0.3366,$0.3405,$0.329,$0.3351,"$34,235,773","$200,181,828"
"May 27, 2019",$0.3305,$0.3387,$0.327,$0.3367,"$34,570,348","$201,152,669"
"May 26, 2019",$0.3231,$0.3314,$0.3124,$0.3303,"$33,925,849","$197,326,660"
"May 25, 2019",$0.3157,$0.3232,$0.3144,$0.3232,"$28,396,172","$193,058,035"
"May 24, 2019",$0.3138,$0.3322,$0.309,$0.3157,"$35,060,299","$188,633,150"
"May 23, 2019",$0.3053,$0.3143,$0.2951,$0.3136,"$33,408,255","$184,546,200"
"May 22, 2019",$0.3319,$0.3405,$0.303,$0.3057,"$27,967,317","$179,885,636"
"May 21, 2019",$0.32,$0.3331,$0.3125,$0.3321,"$29,022,352","$195,432,226"
"May 20, 2019",$0.339,$0.339,$0.3088,$0.32,"$26,103,535","$188,311,466"
"May 19, 2019",$0.3222,$0.3425,$0.3219,$0.3389,"$42,040,565","$199,420,485"
"May 18, 2019",$0.3128,$0.337,$0.3091,$0.322,"$39,674,461","$189,497,283"
"May 17, 2019",$0.3348,$0.338,$0.2974,$0.3122,"$52,806,405","$183,720,621"
"May 16, 2019",$0.362,$0.3766,$0.3257,$0.335,"$37,874,734","$197,132,212"
"May 15, 2019",$0.3013,$0.3736,$0.301,$0.3624,"$51,205,611","$213,229,182"
"May 14, 2019",$0.2791,$0.3031,$0.2783,$0.301,"$33,520,877","$177,063,094"
"May 13, 2019",$0.2731,$0.2925,$0.2701,$0.2791,"$27,612,072","$164,178,707"
"May 12, 2019",$0.2955,$0.2955,$0.2652,$0.2731,"$27,505,180","$160,570,933"
"May 11, 2019",$0.2643,$0.3055,$0.2634,$0.2957,"$32,277,255","$173,864,405"
"May 10, 2019",$0.2535,$0.2646,$0.2534,$0.264,"$22,659,958","$155,245,934"
"May 09, 2019",$0.2692,$0.2714,$0.2531,$0.2534,"$21,150,911","$148,957,531"
"May 08, 2019",$0.2635,$0.2713,$0.2603,$0.2695,"$20,012,061","$158,400,684"
"May 07, 2019",$0.2787,$0.2839,$0.2635,$0.2635,"$22,469,526","$154,845,342"
"May 06, 2019",$0.2669,$0.2818,$0.2616,$0.279,"$22,481,417","$163,954,157"
"May 05, 2019",$0.2684,$0.27,$0.2635,$0.2669,"$18,027,783","$156,859,903"
"May 04, 2019",$0.2814,$0.2839,$0.2654,$0.2681,"$23,397,243","$157,561,299"
"May 03, 2019",$0.2757,$0.2833,$0.2706,$0.2814,"$28,570,303","$165,388,048"
"May 02, 2019",$0.278,$0.2798,$0.2752,$0.2758,"$21,552,859","$162,076,899"
"May 01, 2019",$0.2802,$0.2837,$0.2758,$0.2782,"$17,187,979","$163,477,766"
"Apr 30, 2019",$0.2733,$0.2835,$0.27,$0.2803,"$17,555,354","$164,752,042"
"Apr 29, 2019",$0.2776,$0.2804,$0.2646,$0.2736,"$19,204,229","$160,823,291"
"Apr 28, 2019",$0.2858,$0.2876,$0.2757,$0.2775,"$17,948,488","$163,108,351"
"Apr 27, 2019",$0.2689,$0.2886,$0.2681,$0.2854,"$20,062,585","$167,732,122"
"Apr 26, 2019",$0.2727,$0.274,$0.261,$0.2688,"$34,921,962","$157,951,919"
"Apr 25, 2019",$0.29,$0.293,$0.2693,$0.2722,"$36,358,448","$159,955,121"
"Apr 24, 2019",$0.303,$0.3032,$0.281,$0.2899,"$21,600,860","$170,364,998"
"Apr 23, 2019",$0.3131,$0.3161,$0.3028,$0.303,"$21,531,625","$178,070,086"
"Apr 22, 2019",$0.3147,$0.3163,$0.3102,$0.3131,"$17,954,114","$183,984,006"
"Apr 21, 2019",$0.3229,$0.3258,$0.3056,$0.3147,"$19,442,677","$184,942,016"
"Apr 20, 2019",$0.328,$0.3295,$0.3204,$0.3228,"$17,751,495","$189,686,946"
"Apr 19, 2019",$0.3328,$0.3328,$0.3236,$0.3281,"$17,257,637","$192,805,552"
"Apr 18, 2019",$0.3327,$0.3371,$0.3296,$0.3328,"$18,055,470","$195,609,282"
"Apr 17, 2019",$0.3248,$0.3328,$0.3204,$0.3327,"$17,236,051","$195,529,150"
"Apr 16, 2019",$0.3091,$0.325,$0.3083,$0.3249,"$16,470,647","$190,959,936"
"Apr 15, 2019",$0.3233,$0.3326,$0.3057,$0.3091,"$18,108,180","$181,664,367"
"Apr 14, 2019",$0.3174,$0.3247,$0.3096,$0.3233,"$16,399,047","$189,992,590"
"Apr 13, 2019",$0.3221,$0.3244,$0.3151,$0.3174,"$15,473,675","$186,550,193"
"Apr 12, 2019",$0.319,$0.3286,$0.3053,$0.3221,"$18,545,510","$189,289,877"
"Apr 11, 2019",$0.3512,$0.3516,$0.3109,$0.3191,"$23,669,061","$187,555,683"
"Apr 10, 2019",$0.3586,$0.3586,$0.3493,$0.3512,"$21,772,056","$206,430,020"
"Apr 09, 2019",$0.3496,$0.3683,$0.3413,$0.3587,"$25,531,764","$210,789,830"
"Apr 08, 2019",$0.3563,$0.3685,$0.3386,$0.3496,"$25,068,719","$205,422,221"
"Apr 07, 2019",$0.3535,$0.3686,$0.3506,$0.3562,"$28,228,595","$209,301,552"
"Apr 06, 2019",$0.3588,$0.3645,$0.3499,$0.3536,"$25,716,451","$207,773,066"
"Apr 05, 2019",$0.337,$0.3584,$0.337,$0.3584,"$27,274,287","$210,558,180"
"Apr 04, 2019",$0.3541,$0.3608,$0.3288,$0.3367,"$33,212,775","$197,857,968"
"Apr 03, 2019",$0.3765,$0.3891,$0.34,$0.3543,"$35,796,385","$208,180,490"
"Apr 02, 2019",$0.3331,$0.3819,$0.3223,$0.3766,"$38,696,273","$221,251,529"
"Apr 01, 2019",$0.3229,$0.3403,$0.3167,$0.3331,"$24,212,475","$195,694,354"
"Mar 31, 2019",$0.3099,$0.3256,$0.3091,$0.323,"$19,447,696","$189,777,200"
"Mar 30, 2019",$0.3042,$0.3259,$0.3026,$0.3099,"$20,758,824","$182,090,627"
"Mar 29, 2019",$0.3057,$0.3077,$0.3,$0.3045,"$17,130,757","$178,941,788"
"Mar 28, 2019",$0.3054,$0.3079,$0.298,$0.3057,"$18,408,638","$179,605,000"
"Mar 27, 2019",$0.2926,$0.3105,$0.2907,$0.3054,"$26,111,657","$179,459,523"
"Mar 26, 2019",$0.2775,$0.2952,$0.2739,$0.2919,"$24,933,357","$171,525,696"
"Mar 25, 2019",$0.2912,$0.3082,$0.2717,$0.2777,"$32,257,531","$163,161,443"
"Mar 24, 2019",$0.2703,$0.2956,$0.2676,$0.2919,"$30,018,237","$171,528,464"
"Mar 23, 2019",$0.2734,$0.2768,$0.2687,$0.2702,"$16,115,409","$158,389,639"
"Mar 22, 2019",$0.2607,$0.2741,$0.2598,$0.2736,"$16,276,019","$160,361,594"
"Mar 21, 2019",$0.2726,$0.2754,$0.2569,$0.2612,"$16,134,263","$153,127,310"
"Mar 20, 2019",$0.2704,$0.2755,$0.269,$0.2724,"$15,836,005","$159,691,983"
"Mar 19, 2019",$0.2623,$0.2726,$0.262,$0.2702,"$14,269,894","$158,373,292"
"Mar 18, 2019",$0.2662,$0.2701,$0.2606,$0.2623,"$13,842,637","$153,666,555"
"Mar 17, 2019",$0.2716,$0.2721,$0.2644,$0.2659,"$14,087,728","$155,771,096"
"Mar 16, 2019",$0.2727,$0.276,$0.2676,$0.2716,"$16,356,815","$159,152,262"
"Mar 15, 2019",$0.2673,$0.2789,$0.2673,$0.2723,"$19,518,346","$159,560,977"
"Mar 14, 2019",$0.2693,$0.2698,$0.2585,$0.2673,"$16,706,743","$156,596,241"
"Mar 13, 2019",$0.2718,$0.2817,$0.2643,$0.2696,"$21,037,384","$157,903,355"
"Mar 12, 2019",$0.2584,$0.2761,$0.2524,$0.2717,"$17,975,836","$158,737,035"
"Mar 11, 2019",$0.2703,$0.2767,$0.2512,$0.2582,"$18,977,581","$150,819,085"
"Mar 10, 2019",$0.2509,$0.272,$0.2497,$0.27,"$24,915,855","$157,728,714"
"Mar 09, 2019",$0.2367,$0.2594,$0.2365,$0.2509,"$17,508,823","$146,581,351"
"Mar 08, 2019",$0.2403,$0.2453,$0.2346,$0.2365,"$12,972,342","$138,178,574"
"Mar 07, 2019",$0.2462,$0.2463,$0.2392,$0.24,"$10,998,177","$140,199,933"
"Mar 06, 2019",$0.2393,$0.2464,$0.2348,$0.2457,"$10,193,506","$143,561,902"
"Mar 05, 2019",$0.2289,$0.2417,$0.2252,$0.2396,"$10,087,240","$139,980,418"
"Mar 04, 2019",$0.2417,$0.2434,$0.222,$0.2286,"$12,592,691","$133,573,023"
"Mar 03, 2019",$0.2441,$0.2461,$0.2416,$0.2422,"$8,899,829","$141,490,160"
"Mar 02, 2019",$0.2486,$0.2556,$0.243,$0.2446,"$9,746,584","$142,900,797"
"Mar 01, 2019",$0.2501,$0.2517,$0.2466,$0.249,"$11,071,657","$145,490,917"
"Feb 28, 2019",$0.261,$0.2614,$0.2468,$0.25,"$18,130,208","$146,085,945"
"Feb 27, 2019",$0.2465,$0.2796,$0.2439,$0.2608,"$34,958,001","$152,386,589"
"Feb 26, 2019",$0.2414,$0.2518,$0.2355,$0.2468,"$13,410,191","$144,162,536"
"Feb 25, 2019",$0.2348,$0.2422,$0.2341,$0.2421,"$10,055,370","$141,462,648"
"Feb 24, 2019",$0.2562,$0.2634,$0.232,$0.2355,"$14,171,584","$137,605,524"
"Feb 23, 2019",$0.2511,$0.2569,$0.2468,$0.2558,"$10,719,348","$149,479,816"
"Feb 22, 2019",$0.2493,$0.2523,$0.2449,$0.2515,"$9,088,283","$146,926,799"
"Feb 21, 2019",$0.2553,$0.2583,$0.2484,$0.2494,"$8,975,790","$145,696,799"
"Feb 20, 2019",$0.2514,$0.257,$0.248,$0.2554,"$9,852,847","$149,245,624"
"Feb 19, 2019",$0.2539,$0.257,$0.2463,$0.2518,"$13,830,669","$147,147,495"
"Feb 18, 2019",$0.2411,$0.2614,$0.2387,$0.2539,"$16,742,104","$148,295,359"
"Feb 17, 2019",$0.232,$0.2418,$0.2298,$0.241,"$14,793,250","$140,776,579"
"Feb 16, 2019",$0.2276,$0.2357,$0.2272,$0.2321,"$9,457,648","$135,535,714"
"Feb 15, 2019",$0.2282,$0.2319,$0.2268,$0.2275,"$7,956,245","$132,896,728"
"Feb 14, 2019",$0.2331,$0.2337,$0.2254,$0.2279,"$9,117,975","$133,127,085"
"Feb 13, 2019",$0.2373,$0.2391,$0.2327,$0.2334,"$7,747,967","$136,328,236"
"Feb 12, 2019",$0.2429,$0.2429,$0.2358,$0.2373,"$7,216,287","$138,587,769"
"Feb 11, 2019",$0.2509,$0.2509,$0.2425,$0.2428,"$6,012,643","$141,786,514"
"Feb 10, 2019",$0.2481,$0.2524,$0.2438,$0.2505,"$8,093,310","$146,315,717"
"Feb 09, 2019",$0.2493,$0.2572,$0.2444,$0.2479,"$7,703,533","$144,759,892"
"Feb 08, 2019",$0.2318,$0.2542,$0.2318,$0.2494,"$14,295,867","$145,665,761"
"Feb 07, 2019",$0.2208,$0.2348,$0.2208,$0.2314,"$7,571,212","$135,147,367"
"Feb 06, 2019",$0.236,$0.236,$0.2178,$0.2207,"$8,768,562","$128,901,868"
"Feb 05, 2019",$0.2378,$0.2381,$0.2325,$0.2356,"$6,303,690","$137,601,710"
"Feb 04, 2019",$0.2429,$0.2435,$0.2378,$0.238,"$5,679,078","$138,962,715"
"Feb 03, 2019",$0.251,$0.2519,$0.2424,$0.2427,"$5,565,932","$141,713,353"
"Feb 02, 2019",$0.248,$0.2522,$0.2462,$0.2517,"$6,361,495","$146,991,565"
"Feb 01, 2019",$0.2507,$0.2529,$0.2471,$0.2483,"$6,721,307","$144,986,045"
"Jan 31, 2019",$0.2604,$0.2622,$0.2498,$0.2501,"$6,961,073","$146,025,796"
"Jan 30, 2019",$0.2535,$0.262,$0.25,$0.2601,"$7,040,041","$151,885,052"
"Jan 29, 2019",$0.2614,$0.2631,$0.2496,$0.2535,"$7,408,815","$148,033,106"
"Jan 28, 2019",$0.2754,$0.2762,$0.2509,$0.2612,"$11,852,519","$152,502,761"
"Jan 27, 2019",$0.2901,$0.2901,$0.2701,$0.2752,"$11,230,985","$160,708,318"
"Jan 26, 2019",$0.2907,$0.294,$0.286,$0.2902,"$10,296,266","$169,457,108"
"Jan 25, 2019",$0.3032,$0.3032,$0.2882,$0.2908,"$15,585,186","$169,823,867"
"Jan 24, 2019",$0.2996,$0.3219,$0.2979,$0.3022,"$28,561,382","$176,478,211"
"Jan 23, 2019",$0.2876,$0.3026,$0.2866,$0.2995,"$14,168,892","$174,860,913"
"Jan 22, 2019",$0.2817,$0.2928,$0.2795,$0.2885,"$9,742,700","$168,438,557"
"Jan 21, 2019",$0.286,$0.288,$0.2795,$0.2817,"$7,725,546","$164,506,476"
"Jan 20, 2019",$0.3007,$0.3054,$0.2838,$0.2864,"$9,356,156","$167,243,644"
"Jan 19, 2019",$0.2934,$0.3058,$0.2931,$0.3002,"$8,911,538","$175,311,575"
"Jan 18, 2019",$0.3054,$0.3077,$0.2921,$0.2932,"$8,446,353","$171,218,321"
"Jan 17, 2019",$0.2996,$0.3073,$0.2932,$0.3056,"$10,996,689","$178,455,243"
"Jan 16, 2019",$0.2834,$0.306,$0.2803,$0.2996,"$10,125,307","$174,957,801"
"Jan 15, 2019",$0.2867,$0.2923,$0.2803,$0.2837,"$7,007,503","$165,685,053"
"Jan 14, 2019",$0.2699,$0.2953,$0.2688,$0.287,"$7,636,170","$167,455,832"
"Jan 13, 2019",$0.2836,$0.2902,$0.2663,$0.27,"$7,034,621","$149,320,146"
"Jan 12, 2019",$0.2868,$0.2886,$0.282,$0.2835,"$6,089,810","$156,771,864"
"Jan 11, 2019",$0.2859,$0.2933,$0.2831,$0.2869,"$7,921,875","$158,670,924"
"Jan 10, 2019",$0.3274,$0.3304,$0.2805,$0.2876,"$10,751,666","$159,021,617"
"Jan 09, 2019",$0.3273,$0.3312,$0.3245,$0.3271,"$6,272,794","$180,778,008"
"Jan 08, 2019",$0.3242,$0.3358,$0.3212,$0.3259,"$7,253,572","$180,161,118"
"Jan 07, 2019",$0.3406,$0.3412,$0.3233,$0.3244,"$7,455,549","$179,298,791"
"Jan 06, 2019",$0.3232,$0.3418,$0.3222,$0.3398,"$6,761,187","$187,822,549"
"Jan 05, 2019",$0.3229,$0.3276,$0.3212,$0.3229,"$6,282,956","$178,452,569"
"Jan 04, 2019",$0.3221,$0.3267,$0.3166,$0.3234,"$6,110,819","$178,736,296"
"Jan 03, 2019",$0.3298,$0.3317,$0.3201,$0.3212,"$7,450,007","$177,553,060"
"Jan 02, 2019",$0.3182,$0.3307,$0.3133,$0.3293,"$7,061,351","$181,968,082"
"Jan 01, 2019",$0.2971,$0.318,$0.2961,$0.3174,"$5,850,332","$175,361,171"
"Dec 31, 2018",$0.3225,$0.3225,$0.2953,$0.2967,"$8,467,909","$163,922,551"
"Dec 30, 2018",$0.3237,$0.3286,$0.3205,$0.3218,"$7,119,049","$177,778,125"
"Dec 29, 2018",$0.337,$0.342,$0.3224,$0.323,"$10,788,792","$178,417,466"
"Dec 28, 2018",$0.3161,$0.3449,$0.3143,$0.3366,"$10,887,724","$185,934,233"
"Dec 27, 2018",$0.3471,$0.356,$0.3155,$0.3157,"$15,391,698","$174,409,897"
"Dec 26, 2018",$0.3295,$0.3481,$0.3231,$0.3467,"$11,105,539","$191,471,126"
"Dec 25, 2018",$0.363,$0.363,$0.3193,$0.3289,"$10,247,237","$181,640,094"
"Dec 24, 2018",$0.3465,$0.3879,$0.3454,$0.3626,"$15,942,270","$200,218,806"
"Dec 23, 2018",$0.3368,$0.3512,$0.3364,$0.3468,"$11,238,708","$191,529,597"
"Dec 22, 2018",$0.3212,$0.3378,$0.3178,$0.3378,"$9,916,012","$186,574,480"
"Dec 21, 2018",$0.3538,$0.3635,$0.3182,$0.3213,"$12,961,427","$177,450,005"
"Dec 20, 2018",$0.3127,$0.3559,$0.3105,$0.354,"$14,897,414","$195,474,899"
"Dec 19, 2018",$0.3032,$0.3406,$0.3001,$0.314,"$15,760,636","$173,406,718"
"Dec 18, 2018",$0.2972,$0.3031,$0.2864,$0.3028,"$9,125,843","$167,206,108"
"Dec 17, 2018",$0.2661,$0.3084,$0.2661,$0.2973,"$10,604,228","$164,117,183"
"Dec 16, 2018",$0.269,$0.28,$0.2654,$0.2654,"$6,565,985","$146,483,814"
"Dec 15, 2018",$0.2721,$0.2764,$0.2642,$0.2695,"$8,147,585","$148,746,612"
"Dec 14, 2018",$0.2995,$0.3019,$0.2655,$0.2722,"$10,083,488","$150,241,394"
"Dec 13, 2018",$0.3095,$0.3104,$0.2892,$0.2989,"$7,250,415","$164,967,555"
"Dec 12, 2018",$0.3037,$0.3154,$0.2969,$0.3091,"$7,646,104","$170,577,404"
"Dec 11, 2018",$0.3171,$0.3202,$0.2997,$0.3028,"$8,013,464","$167,084,595"
"Dec 10, 2018",$0.3344,$0.337,$0.3133,$0.3173,"$7,183,089","$175,052,575"
"Dec 09, 2018",$0.3214,$0.3532,$0.3214,$0.3349,"$7,935,249","$184,757,163"
"Dec 08, 2018",$0.3154,$0.3456,$0.3052,$0.3228,"$9,468,974","$178,074,197"
"Dec 07, 2018",$0.3192,$0.3192,$0.2881,$0.3159,"$11,678,923","$174,273,404"
"Dec 06, 2018",$0.3492,$0.3546,$0.3192,$0.3192,"$9,735,496","$175,977,291"
"Dec 05, 2018",$0.3744,$0.3751,$0.3497,$0.3503,"$8,564,150","$193,134,910"
"Dec 04, 2018",$0.3755,$0.3906,$0.3687,$0.3739,"$9,086,506","$206,147,121"
"Dec 03, 2018",$0.403,$0.4035,$0.3672,$0.376,"$9,966,441","$207,266,615"
"Dec 02, 2018",$0.4131,$0.4282,$0.4003,$0.4018,"$9,338,214","$221,503,390"
"Dec 01, 2018",$0.3904,$0.4318,$0.3837,$0.4135,"$10,403,950","$227,914,685"
"Nov 30, 2018",$0.4373,$0.4373,$0.3835,$0.39,"$10,864,436","$214,991,262"
"Nov 29, 2018",$0.4357,$0.4708,$0.4131,$0.4367,"$17,819,771","$240,628,500"
"Nov 28, 2018",$0.3573,$0.4521,$0.3573,$0.4353,"$18,309,000","$239,735,931"
"Nov 27, 2018",$0.3467,$0.3605,$0.3329,$0.357,"$10,628,600","$195,145,090"
"Nov 26, 2018",$0.3686,$0.3853,$0.3364,$0.348,"$11,725,900","$190,166,063"
"Nov 25, 2018",$0.3602,$0.3827,$0.3248,$0.3693,"$14,417,600","$201,800,010"
"Nov 24, 2018",$0.3998,$0.4127,$0.3453,$0.3602,"$10,659,800","$196,786,179"
"Nov 23, 2018",$0.4141,$0.4151,$0.3842,$0.4005,"$12,419,400","$218,848,771"
"Nov 22, 2018",$0.4486,$0.4516,$0.4162,$0.418,"$10,484,000","$228,338,965"
"Nov 21, 2018",$0.4189,$0.4483,$0.4027,$0.4478,"$14,557,700","$244,639,639"
"Nov 20, 2018",$0.4303,$0.4932,$0.3605,$0.4143,"$24,103,300","$226,269,647"
"Nov 19, 2018",$0.5514,$0.5514,$0.4206,$0.4336,"$20,617,500","$236,746,366"
"Nov 18, 2018",$0.544,$0.5609,$0.5395,$0.5513,"$8,625,610","$300,614,874"
"Nov 17, 2018",$0.5555,$0.5616,$0.5287,$0.5421,"$10,266,000","$295,925,866"
"Nov 16, 2018",$0.5639,$0.598,$0.5456,$0.5551,"$16,044,900","$303,265,698"
"Nov 15, 2018",$0.5678,$0.5678,$0.5097,$0.5638,"$12,231,400","$308,035,730"
"Nov 14, 2018",$0.64,$0.6415,$0.5171,$0.5659,"$21,661,800","$309,062,524"
"Nov 13, 2018",$0.6715,$0.684,$0.6241,$0.6417,"$12,133,100","$350,576,217"
"Nov 12, 2018",$0.6966,$0.7091,$0.6725,$0.6737,"$8,403,020","$368,008,072"
"Nov 11, 2018",$0.7187,$0.7187,$0.6864,$0.6956,"$7,408,190","$379,869,707"
"Nov 10, 2018",$0.712,$0.7252,$0.7075,$0.7196,"$6,778,660","$393,000,181"
"Nov 09, 2018",$0.7183,$0.7278,$0.7113,$0.7121,"$10,863,500","$388,832,705"
"Nov 08, 2018",$0.7576,$0.7687,$0.7165,$0.7165,"$17,755,300","$391,030,520"
"Nov 07, 2018",$0.7613,$0.7719,$0.7526,$0.7571,"$12,033,100","$413,100,038"
"Nov 06, 2018",$0.7656,$0.7694,$0.7528,$0.7581,"$13,863,300","$413,305,476"
"Nov 05, 2018",$0.7839,$0.7952,$0.7641,$0.7641,"$12,438,200","$416,854,661"
"Nov 04, 2018",$0.8121,$0.8139,$0.767,$0.7868,"$15,516,200","$429,247,813"
"Nov 03, 2018",$0.8112,$0.8112,$0.7974,$0.8101,"$10,377,300","$441,920,209"
"Nov 02, 2018",$0.806,$0.8284,$0.805,$0.8108,"$17,280,400","$442,258,957"
"Nov 01, 2018",$0.7658,$0.8141,$0.7658,$0.808,"$12,811,100","$440,700,002"
"Oct 31, 2018",$0.7698,$0.7768,$0.7612,$0.7661,"$9,953,860","$417,852,397"
"Oct 30, 2018",$0.7671,$0.792,$0.7615,$0.7672,"$10,701,500","$418,398,264"
"Oct 29, 2018",$0.8226,$0.8253,$0.7562,$0.7654,"$17,238,900","$417,310,461"
"Oct 28, 2018",$0.7909,$0.8247,$0.7859,$0.8246,"$13,648,700","$449,585,369"
"Oct 27, 2018",$0.808,$0.8172,$0.7834,$0.7869,"$12,475,800","$428,998,463"
"Oct 26, 2018",$0.8428,$0.852,$0.8043,$0.8083,"$16,284,500","$440,341,483"
"Oct 25, 2018",$0.8495,$0.8496,$0.8347,$0.8442,"$10,325,200","$460,186,847"
"Oct 24, 2018",$0.8785,$0.8866,$0.8427,$0.8483,"$15,830,100","$462,468,164"
"Oct 23, 2018",$0.9095,$0.9142,$0.8741,$0.8809,"$13,463,400","$478,682,703"
"Oct 22, 2018",$0.8756,$0.9131,$0.8721,$0.9115,"$14,710,300","$495,101,980"
"Oct 21, 2018",$0.8955,$0.9064,$0.8707,$0.8751,"$12,138,900","$475,007,218"
"Oct 20, 2018",$0.9091,$0.9161,$0.8878,$0.8964,"$15,318,200","$486,565,199"
"Oct 19, 2018",$0.8606,$0.9323,$0.8606,$0.9105,"$31,459,300","$494,137,065"
"Oct 18, 2018",$0.9079,$0.9144,$0.837,$0.8592,"$30,953,600","$466,308,764"
"Oct 17, 2018",$0.8583,$1.07,$0.8436,$0.9076,"$148,308,000","$492,433,166"
"Oct 16, 2018",$0.7299,$0.8803,$0.7252,$0.8531,"$44,859,700","$462,280,308"
"Oct 15, 2018",$0.7104,$0.7707,$0.6941,$0.7279,"$20,393,400","$394,267,225"
"Oct 14, 2018",$0.7332,$0.767,$0.6986,$0.7102,"$11,636,800","$384,512,819"
"Oct 13, 2018",$0.7414,$0.757,$0.7226,$0.733,"$13,975,700","$396,755,774"
"Oct 12, 2018",$0.7529,$0.8071,$0.7414,$0.7421,"$35,460,000","$401,585,662"
"Oct 11, 2018",$0.7536,$0.88,$0.6544,$0.7675,"$65,202,600","$415,308,267"
"Oct 10, 2018",$0.7534,$0.761,$0.7245,$0.7562,"$11,906,000","$409,313,279"
"Oct 09, 2018",$0.7165,$0.7692,$0.7058,$0.7562,"$13,182,100","$409,206,951"
"Oct 08, 2018",$0.7367,$0.781,$0.7135,$0.7135,"$20,444,400","$385,580,944"
"Oct 07, 2018",$0.6473,$0.7825,$0.643,$0.7322,"$32,892,700","$395,865,730"
"Oct 06, 2018",$0.6496,$0.6579,$0.634,$0.6456,"$4,669,980","$348,730,375"
"Oct 05, 2018",$0.6428,$0.649,$0.6246,$0.6455,"$4,729,100","$348,683,217"
"Oct 04, 2018",$0.6157,$0.6574,$0.6082,$0.6441,"$6,158,450","$347,870,902"
"Oct 03, 2018",$0.6366,$0.6366,$0.6048,$0.6159,"$6,895,760","$332,558,052"
"Oct 02, 2018",$0.6411,$0.6509,$0.6278,$0.6371,"$5,110,050","$343,907,452"
"Oct 01, 2018",$0.6449,$0.6596,$0.6342,$0.6427,"$5,007,990","$346,909,290"
"Sep 30, 2018",$0.6505,$0.657,$0.6339,$0.6522,"$5,871,430","$352,038,571"
"Sep 29, 2018",$0.6541,$0.669,$0.6295,$0.6538,"$6,019,280","$352,972,508"
"Sep 28, 2018",$0.6861,$0.6966,$0.6482,$0.656,"$6,686,440","$354,161,204"
"Sep 27, 2018",$0.6406,$0.6979,$0.639,$0.6839,"$7,970,100","$369,290,244"
"Sep 26, 2018",$0.6549,$0.6793,$0.6215,$0.6426,"$11,722,100","$346,929,636"
"Sep 25, 2018",$0.6558,$0.668,$0.5972,$0.6532,"$15,532,200","$352,590,917"
"Sep 24, 2018",$0.6426,$0.7326,$0.6129,$0.6588,"$24,296,200","$355,751,609"
"Sep 23, 2018",$0.6151,$0.6434,$0.6028,$0.6416,"$10,299,100","$346,268,481"
"Sep 22, 2018",$0.6369,$0.6431,$0.5846,$0.615,"$15,870,300","$331,806,841"
"Sep 21, 2018",$0.5706,$0.6558,$0.5663,$0.6372,"$24,386,600","$343,952,114"
"Sep 20, 2018",$0.5264,$0.5711,$0.5264,$0.5676,"$14,955,700","$306,360,178"
"Sep 19, 2018",$0.5256,$0.5329,$0.5061,$0.527,"$7,324,510","$284,391,729"
"Sep 18, 2018",$0.5184,$0.5409,$0.5088,$0.5257,"$9,462,580","$283,693,744"
"Sep 17, 2018",$0.5683,$0.5774,$0.5088,$0.5214,"$9,826,670","$281,338,284"
"Sep 16, 2018",$0.5895,$0.5895,$0.5606,$0.5668,"$8,735,260","$305,860,732"
"Sep 15, 2018",$0.571,$0.5985,$0.5604,$0.5878,"$14,851,600","$317,179,619"
"Sep 14, 2018",$0.5485,$0.5994,$0.5313,$0.5736,"$14,065,300","$309,502,207"
"Sep 13, 2018",$0.5102,$0.5554,$0.5102,$0.5509,"$12,666,300","$297,249,506"
"Sep 12, 2018",$0.5165,$0.5184,$0.4606,$0.5097,"$13,293,400","$274,991,300"
"Sep 11, 2018",$0.5595,$0.5628,$0.5016,$0.5168,"$13,730,900","$278,774,037"
"Sep 10, 2018",$0.5723,$0.5809,$0.5484,$0.5561,"$14,708,700","$299,871,377"
"Sep 09, 2018",$0.5746,$0.6033,$0.5614,$0.5716,"$14,342,800","$308,266,526"
"Sep 08, 2018",$0.632,$0.6489,$0.5695,$0.5753,"$13,011,800","$310,247,677"
"Sep 07, 2018",$0.6774,$0.6774,$0.6295,$0.6315,"$14,880,700","$340,520,261"
"Sep 06, 2018",$0.6267,$0.6795,$0.5915,$0.6773,"$24,496,600","$364,024,601"
"Sep 05, 2018",$0.7999,$0.8031,$0.6331,$0.6331,"$21,014,000","$340,126,871"
"Sep 04, 2018",$0.788,$0.8175,$0.7846,$0.7993,"$20,919,200","$429,285,247"
"Sep 03, 2018",$0.7947,$0.8017,$0.7746,$0.7886,"$16,310,100","$423,820,176"
"Sep 02, 2018",$0.8051,$0.8264,$0.7817,$0.7948,"$14,959,900","$427,145,833"
"Sep 01, 2018",$0.7711,$0.8334,$0.7711,$0.8038,"$14,606,400","$432,022,013"
"Aug 31, 2018",$0.7583,$0.795,$0.7473,$0.7722,"$15,128,800","$415,107,233"
"Aug 30, 2018",$0.8002,$0.8072,$0.7237,$0.7586,"$15,457,100","$407,713,552"
"Aug 29, 2018",$0.8092,$0.8391,$0.7816,$0.8001,"$16,666,900","$429,992,000"
"Aug 28, 2018",$0.8021,$0.8503,$0.7905,$0.8098,"$12,717,200","$435,412,382"
"Aug 27, 2018",$0.7144,$0.8061,$0.7128,$0.8061,"$12,949,300","$433,257,353"
"Aug 26, 2018",$0.72,$0.7366,$0.6825,$0.7148,"$9,528,460","$384,524,077"
"Aug 25, 2018",$0.728,$0.731,$0.7062,$0.7182,"$7,602,260","$386,353,510"
"Aug 24, 2018",$0.715,$0.7295,$0.7076,$0.7295,"$11,255,900","$392,318,083"
"Aug 23, 2018",$0.6688,$0.7319,$0.6611,$0.7142,"$17,357,000","$384,068,714"
"Aug 22, 2018",$0.7079,$0.7469,$0.6478,$0.6677,"$19,690,500","$359,026,614"
"Aug 21, 2018",$0.7054,$0.7268,$0.6793,$0.7083,"$13,751,200","$380,907,263"
"Aug 20, 2018",$0.7635,$0.7846,$0.7058,$0.7066,"$12,988,200","$380,030,515"
"Aug 19, 2018",$0.7519,$0.7949,$0.7333,$0.7635,"$17,500,800","$410,652,564"
"Aug 18, 2018",$0.83,$0.8395,$0.7066,$0.7513,"$15,125,200","$404,057,866"
"Aug 17, 2018",$0.7197,$0.8401,$0.7186,$0.8301,"$19,753,500","$446,494,028"
"Aug 16, 2018",$0.6833,$0.7471,$0.6727,$0.7185,"$10,949,400","$385,986,265"
"Aug 15, 2018",$0.6849,$0.7817,$0.6844,$0.6847,"$16,447,600","$367,870,654"
"Aug 14, 2018",$0.7647,$0.7647,$0.6374,$0.679,"$20,264,900","$364,942,923"
"Aug 13, 2018",$0.866,$0.9001,$0.7587,$0.7649,"$21,661,900","$411,232,232"
"Aug 12, 2018",$0.8528,$0.8878,$0.8449,$0.866,"$10,323,100","$465,553,496"
"Aug 11, 2018",$0.8645,$0.8967,$0.8255,$0.8539,"$15,009,700","$458,977,366"
"Aug 10, 2018",$0.9361,$0.9439,$0.8399,$0.8651,"$15,676,800","$464,836,574"
"Aug 09, 2018",$0.8442,$0.9399,$0.8426,$0.9393,"$14,738,000","$504,293,503"
"Aug 08, 2018",$0.905,$0.905,$0.8017,$0.8432,"$16,738,600","$452,776,161"
"Aug 07, 2018",$0.9452,$1.04,$0.9041,$0.9041,"$19,143,700","$485,594,764"
"Aug 06, 2018",$0.9594,$1.02,$0.9379,$0.9468,"$15,885,000","$508,523,955"
"Aug 05, 2018",$0.9394,$0.9708,$0.9164,$0.9605,"$19,173,400","$515,872,707"
"Aug 04, 2018",$0.964,$0.9914,$0.9056,$0.9396,"$16,855,200","$504,633,628"
"Aug 03, 2018",$0.955,$1.01,$0.8777,$0.9642,"$27,356,100","$517,808,061"
"Aug 02, 2018",$1.06,$1.07,$0.9575,$0.9577,"$23,212,900","$514,342,492"
"Aug 01, 2018",$1.10,$1.10,$1.02,$1.05,"$46,499,400","$565,954,099"
"Jul 31, 2018",$1.15,$1.15,$1.04,$1.08,"$60,530,300","$578,211,391"
"Jul 30, 2018",$1.21,$1.21,$1.08,$1.16,"$29,318,800","$620,246,099"
"Jul 29, 2018",$1.24,$1.24,$1.18,$1.20,"$33,037,500","$646,339,583"
"Jul 28, 2018",$1.15,$1.24,$1.14,$1.24,"$72,887,904","$664,381,899"
"Jul 27, 2018",$1.08,$1.18,$1.06,$1.15,"$48,542,400","$617,294,354"
"Jul 26, 2018",$1.17,$1.19,$1.06,$1.08,"$18,986,100","$580,953,800"
"Jul 25, 2018",$1.10,$1.18,$1.10,$1.17,"$25,185,700","$629,678,725"
"Jul 24, 2018",$1.14,$1.17,$1.06,$1.11,"$30,631,400","$598,151,365"
"Jul 23, 2018",$1.13,$1.19,$1.11,$1.13,"$19,527,200","$608,449,442"
"Jul 22, 2018",$1.15,$1.20,$1.12,$1.13,"$23,267,800","$604,085,611"
"Jul 21, 2018",$1.06,$1.21,$1.03,$1.15,"$24,756,500","$616,446,772"
"Jul 20, 2018",$1.25,$1.25,$1.05,$1.06,"$22,675,500","$568,222,729"
"Jul 19, 2018",$1.21,$1.27,$1.19,$1.25,"$22,278,400","$670,370,824"
"Jul 18, 2018",$1.25,$1.32,$1.17,$1.21,"$33,282,800","$649,642,619"
"Jul 17, 2018",$1.15,$1.30,$1.10,$1.25,"$33,870,000","$665,933,176"
"Jul 16, 2018",$1.12,$1.19,$1.10,$1.16,"$31,065,300","$619,840,870"
"Jul 15, 2018",$0.9945,$1.19,$0.9687,$1.11,"$44,420,400","$593,626,814"
"Jul 14, 2018",$0.9646,$1.03,$0.9261,$0.9936,"$23,150,400","$531,589,027"
"Jul 13, 2018",$0.7811,$1.00,$0.7811,$0.9775,"$38,241,500","$522,969,424"
"Jul 12, 2018",$0.839,$0.8425,$0.7538,$0.7766,"$8,523,490","$415,080,228"
"Jul 11, 2018",$0.8191,$0.8625,$0.7828,$0.8395,"$10,384,700","$447,752,484"
"Jul 10, 2018",$0.9124,$0.9168,$0.8185,$0.8185,"$11,830,600","$436,552,652"
"Jul 09, 2018",$0.9688,$0.9799,$0.9125,$0.9125,"$9,589,910","$486,760,939"
"Jul 08, 2018",$0.9943,$1.00,$0.9642,$0.9681,"$9,585,390","$516,232,185"
"Jul 07, 2018",$1.01,$1.02,$0.9224,$0.9938,"$12,927,900","$530,178,839"
"Jul 06, 2018",$1.00,$1.02,$0.9428,$1.01,"$16,446,100","$541,174,010"
"Jul 05, 2018",$0.9514,$1.13,$0.9248,$1.00,"$24,463,900","$534,155,741"
"Jul 04, 2018",$0.8879,$1.03,$0.8599,$0.9499,"$18,949,000","$506,631,393"
"Jul 03, 2018",$0.9489,$0.9887,$0.886,$0.8919,"$21,272,400","$475,623,420"
"Jul 02, 2018",$0.7938,$0.9894,$0.7897,$0.9508,"$40,158,300","$507,059,110"
"Jul 01, 2018",$0.7907,$0.836,$0.7352,$0.7962,"$12,751,400","$424,485,557"
"Jun 30, 2018",$0.6595,$0.8348,$0.6595,$0.7916,"$25,434,300","$421,997,308"
"Jun 29, 2018",$0.6068,$0.6764,$0.5836,$0.6605,"$9,439,390","$352,032,219"
"Jun 28, 2018",$0.6427,$0.6611,$0.6025,$0.6071,"$6,446,650","$323,205,276"
"Jun 27, 2018",$0.6206,$0.6442,$0.6089,$0.6423,"$6,489,030","$341,996,132"
"Jun 26, 2018",$0.7085,$0.7088,$0.6261,$0.6261,"$5,945,360","$333,292,883"
"Jun 25, 2018",$0.6796,$0.7061,$0.6554,$0.7053,"$7,304,940","$375,409,529"
"Jun 24, 2018",$0.7237,$0.7256,$0.5989,$0.681,"$9,599,880","$362,487,734"
"Jun 23, 2018",$0.7386,$0.7608,$0.6968,$0.7244,"$6,520,750","$385,466,511"
"Jun 22, 2018",$0.8489,$0.8489,$0.6902,$0.7369,"$12,611,600","$392,224,830"
"Jun 21, 2018",$0.8771,$0.8924,$0.8447,$0.8492,"$7,929,030","$451,535,112"
"Jun 20, 2018",$0.8779,$0.8987,$0.8364,$0.8779,"$9,302,830","$466,784,186"
"Jun 19, 2018",$0.8686,$0.9086,$0.8456,$0.8788,"$10,040,200","$467,208,921"
"Jun 18, 2018",$0.8437,$0.8909,$0.8165,$0.8718,"$10,855,700","$463,542,605"
"Jun 17, 2018",$0.8765,$0.8943,$0.843,$0.844,"$6,825,570","$448,808,803"
"Jun 16, 2018",$0.8775,$0.8943,$0.8414,$0.8766,"$8,392,000","$466,125,794"
"Jun 15, 2018",$0.9485,$0.9586,$0.8703,$0.8794,"$10,903,400","$467,653,253"
"Jun 14, 2018",$0.8213,$0.9835,$0.8126,$0.9457,"$16,718,500","$502,825,058"
"Jun 13, 2018",$0.9071,$0.9218,$0.7986,$0.8216,"$13,819,300","$436,728,104"
"Jun 12, 2018",$1.07,$1.07,$0.8882,$0.9043,"$18,970,100","$480,735,687"
"Jun 11, 2018",$1.05,$1.08,$1.01,$1.07,"$12,220,200","$566,901,134"
"Jun 10, 2018",$1.23,$1.23,$1.02,$1.06,"$17,417,800","$561,123,423"
"Jun 09, 2018",$1.27,$1.29,$1.23,$1.23,"$9,623,670","$655,683,255"
"Jun 08, 2018",$1.29,$1.30,$1.24,$1.27,"$11,553,900","$677,494,413"
"Jun 07, 2018",$1.33,$1.35,$1.29,$1.29,"$15,059,000","$686,344,532"
"Jun 06, 2018",$1.27,$1.34,$1.25,$1.33,"$17,778,000","$709,349,516"
"Jun 05, 2018",$1.25,$1.28,$1.19,$1.27,"$14,802,100","$673,093,999"
"Jun 04, 2018",$1.35,$1.36,$1.22,$1.24,"$16,008,100","$661,180,015"
"Jun 03, 2018",$1.28,$1.37,$1.28,$1.34,"$18,679,900","$714,686,376"
"Jun 02, 2018",$1.25,$1.31,$1.24,$1.28,"$18,035,800","$682,082,331"
"Jun 01, 2018",$1.28,$1.31,$1.23,$1.25,"$15,376,300","$665,746,812"
"May 31, 2018",$1.23,$1.35,$1.22,$1.28,"$24,019,900","$681,896,637"
"May 30, 2018",$1.25,$1.43,$1.20,$1.24,"$61,238,000","$656,569,022"
"May 29, 2018",$1.04,$1.31,$1.04,$1.25,"$33,023,800","$664,529,599"
"May 28, 2018",$1.18,$1.23,$1.02,$1.04,"$17,668,100","$549,805,268"
"May 27, 2018",$1.21,$1.22,$1.15,$1.18,"$13,848,800","$626,726,636"
"May 26, 2018",$1.28,$1.30,$1.21,$1.21,"$16,562,000","$643,153,767"
"May 25, 2018",$1.37,$1.42,$1.26,$1.28,"$24,881,000","$677,495,153"
"May 24, 2018",$1.35,$1.46,$1.18,$1.36,"$69,716,304","$722,085,558"
"May 23, 2018",$1.16,$1.53,$1.02,$1.34,"$109,784,000","$710,331,646"
"May 22, 2018",$1.34,$1.34,$1.15,$1.16,"$13,504,300","$611,067,144"
"May 21, 2018",$1.46,$1.46,$1.31,$1.34,"$11,400,100","$707,348,093"
"May 20, 2018",$1.46,$1.47,$1.38,$1.46,"$17,562,300","$772,183,377"
"May 19, 2018",$1.31,$1.50,$1.27,$1.46,"$21,572,600","$772,400,851"
"May 18, 2018",$1.25,$1.33,$1.21,$1.31,"$13,513,400","$690,353,053"
"May 17, 2018",$1.37,$1.47,$1.24,$1.25,"$17,967,300","$661,062,537"
"May 16, 2018",$1.48,$1.49,$1.31,$1.37,"$22,546,000","$725,735,490"
"May 15, 2018",$1.55,$1.60,$1.48,$1.49,"$25,323,200","$787,950,210"
"May 14, 2018",$1.74,$1.76,$1.52,$1.55,"$39,254,100","$821,761,403"
"May 13, 2018",$1.65,$1.80,$1.58,$1.76,"$26,815,200","$928,994,097"
"May 12, 2018",$1.67,$1.75,$1.56,$1.65,"$31,528,600","$870,475,523"
"May 11, 2018",$1.87,$1.95,$1.55,$1.68,"$73,323,696","$885,164,939"
"May 10, 2018",$1.73,$2.03,$1.73,$1.87,"$79,254,200","$985,504,581"
"May 09, 2018",$1.73,$1.81,$1.55,$1.72,"$42,871,100","$910,320,207"
"May 08, 2018",$1.71,$1.85,$1.62,$1.74,"$62,004,400","$916,500,695"
"May 07, 2018",$1.61,$1.77,$1.48,$1.71,"$51,526,300","$903,799,602"
"May 06, 2018",$1.63,$1.63,$1.42,$1.60,"$26,020,400","$844,073,860"
"May 05, 2018",$1.74,$1.74,$1.55,$1.64,"$42,183,700","$863,644,258"
"May 04, 2018",$1.46,$1.74,$1.44,$1.74,"$66,082,900","$917,732,634"
"May 03, 2018",$1.31,$1.50,$1.31,$1.47,"$41,261,000","$773,807,255"
"May 02, 2018",$1.20,$1.33,$1.19,$1.32,"$18,364,000","$691,347,021"
"May 01, 2018",$1.18,$1.20,$1.11,$1.20,"$8,402,910","$630,855,776"
"Apr 30, 2018",$1.29,$1.32,$1.17,$1.18,"$15,398,400","$619,351,553"
"Apr 29, 2018",$1.21,$1.29,$1.17,$1.29,"$15,139,900","$679,378,959"
"Apr 28, 2018",$1.06,$1.20,$1.06,$1.20,"$12,163,300","$632,081,723"
"Apr 27, 2018",$1.14,$1.17,$1.07,$1.07,"$11,468,700","$559,611,736"
"Apr 26, 2018",$1.01,$1.14,$0.9871,$1.14,"$22,609,800","$599,374,168"
"Apr 25, 2018",$1.16,$1.17,$0.93,$1.00,"$21,908,800","$527,666,291"
"Apr 24, 2018",$1.00,$1.19,$0.9995,$1.18,"$20,916,100","$618,116,698"
"Apr 23, 2018",$0.9863,$1.05,$0.9748,$1.00,"$12,697,400","$525,900,812"
"Apr 22, 2018",$0.9233,$1.03,$0.9087,$0.9893,"$12,194,800","$519,213,123"
"Apr 21, 2018",$0.9873,$0.9886,$0.8484,$0.9257,"$13,669,900","$485,788,240"
"Apr 20, 2018",$0.911,$0.9893,$0.9085,$0.9874,"$13,211,600","$518,034,279"
"Apr 19, 2018",$0.9225,$0.9237,$0.8827,$0.9109,"$12,641,600","$477,431,465"
"Apr 18, 2018",$0.8343,$0.9257,$0.8305,$0.9216,"$19,961,100","$482,990,894"
"Apr 17, 2018",$0.7492,$0.8653,$0.7376,$0.833,"$17,849,000","$435,749,626"
"Apr 16, 2018",$0.7963,$0.7999,$0.7284,$0.7482,"$9,432,380","$391,109,211"
"Apr 15, 2018",$0.7378,$0.7956,$0.7378,$0.7948,"$9,953,590","$415,510,082"
"Apr 14, 2018",$0.6831,$0.7522,$0.6759,$0.735,"$9,601,650","$384,196,822"
"Apr 13, 2018",$0.6934,$0.7334,$0.6637,$0.6835,"$9,751,480","$357,247,394"
"Apr 12, 2018",$0.5971,$0.6932,$0.5869,$0.6909,"$11,778,600","$361,150,091"
"Apr 11, 2018",$0.5605,$0.6329,$0.5579,$0.6011,"$14,279,900","$314,309,940"
"Apr 10, 2018",$0.5395,$0.5679,$0.5319,$0.5597,"$4,924,860","$292,539,599"
"Apr 09, 2018",$0.571,$0.5974,$0.5299,$0.5386,"$5,771,320","$281,464,743"
"Apr 08, 2018",$0.5377,$0.5872,$0.5367,$0.57,"$7,168,460","$297,803,448"
"Apr 07, 2018",$0.5189,$0.5523,$0.5174,$0.5409,"$4,952,320","$282,589,641"
"Apr 06, 2018",$0.5451,$0.5528,$0.5062,$0.519,"$6,396,980","$271,124,641"
"Apr 05, 2018",$0.5214,$0.685,$0.5032,$0.5458,"$35,059,200","$285,147,004"
"Apr 04, 2018",$0.595,$0.595,$0.5113,$0.5215,"$5,016,430","$272,197,133"
"Apr 03, 2018",$0.5321,$0.6323,$0.5227,$0.5957,"$10,138,500","$310,818,741"
"Apr 02, 2018",$0.5057,$0.5443,$0.5035,$0.5316,"$4,329,230","$277,283,347"
"Apr 01, 2018",$0.5475,$0.5751,$0.4742,$0.5047,"$5,419,080","$263,210,477"
"Mar 31, 2018",$0.513,$0.5614,$0.5112,$0.5473,"$4,848,730","$285,349,206"
"Mar 30, 2018",$0.5337,$0.5352,$0.4757,$0.5134,"$5,662,420","$267,629,275"
"Mar 29, 2018",$0.6353,$0.6582,$0.5075,$0.5354,"$8,268,510","$279,117,325"
"Mar 28, 2018",$0.6357,$0.652,$0.6003,$0.6338,"$11,336,500","$330,440,411"
"Mar 27, 2018",$0.6535,$0.6994,$0.567,$0.6377,"$32,818,400","$332,443,067"
"Mar 26, 2018",$0.5953,$0.8015,$0.5085,$0.6591,"$45,730,400","$342,850,159"
"Mar 25, 2018",$0.5927,$0.6131,$0.5624,$0.5955,"$4,898,480","$309,432,792"
"Mar 24, 2018",$0.5603,$0.6187,$0.5541,$0.5979,"$5,652,270","$310,774,490"
"Mar 23, 2018",$0.5786,$0.5835,$0.5115,$0.5543,"$5,367,430","$287,957,344"
"Mar 22, 2018",$0.5828,$0.6336,$0.5544,$0.5784,"$8,667,940","$300,509,005"
"Mar 21, 2018",$0.5374,$0.618,$0.5374,$0.5821,"$7,988,280","$302,252,971"
"Mar 20, 2018",$0.4687,$0.559,$0.4606,$0.5347,"$6,190,060","$277,494,733"
"Mar 19, 2018",$0.4424,$0.465,$0.4351,$0.465,"$3,859,170","$241,175,403"
"Mar 18, 2018",$0.4439,$0.4439,$0.355,$0.4412,"$5,900,160","$228,680,492"
"Mar 17, 2018",$0.5035,$0.5035,$0.4423,$0.4447,"$3,134,240","$230,430,627"
"Mar 16, 2018",$0.4849,$0.5297,$0.4686,$0.5039,"$4,675,690","$261,120,300"
"Mar 15, 2018",$0.5177,$0.5209,$0.4608,$0.4861,"$4,601,280","$251,756,274"
"Mar 14, 2018",$0.5951,$0.6086,$0.514,$0.5184,"$4,919,120","$268,394,794"
"Mar 13, 2018",$0.6266,$0.6586,$0.5841,$0.5951,"$5,484,210","$307,675,780"
"Mar 12, 2018",$0.683,$0.7085,$0.6175,$0.6288,"$4,099,150","$325,129,282"
"Mar 11, 2018",$0.6314,$0.6841,$0.609,$0.6822,"$4,172,970","$352,694,351"
"Mar 10, 2018",$0.6463,$0.7334,$0.6331,$0.6355,"$7,654,580","$328,419,815"
"Mar 09, 2018",$0.6376,$0.646,$0.5672,$0.6454,"$5,198,880","$333,303,363"
"Mar 08, 2018",$0.7016,$0.7353,$0.6377,$0.6418,"$6,500,550","$332,020,132"
"Mar 07, 2018",$0.7832,$0.7955,$0.6709,$0.6966,"$7,856,390","$360,120,742"
"Mar 06, 2018",$0.8874,$0.8874,$0.7789,$0.7844,"$6,516,140","$405,406,628"
"Mar 05, 2018",$0.9203,$0.9306,$0.8871,$0.8876,"$6,025,120","$458,412,170"
"Mar 04, 2018",$0.9153,$0.924,$0.8909,$0.9215,"$5,709,570","$475,871,081"
"Mar 03, 2018",$0.9345,$0.9695,$0.9097,$0.9177,"$6,815,010","$473,732,568"
"Mar 02, 2018",$0.9615,$1.01,$0.9308,$0.938,"$7,594,580","$484,224,990"
"Mar 01, 2018",$0.9167,$0.9699,$0.8803,$0.9625,"$8,661,110","$496,754,734"
"Feb 28, 2018",$0.992,$1.01,$0.9168,$0.9172,"$6,891,760","$472,136,522"
"Feb 27, 2018",$1.04,$1.14,$0.9903,$0.9931,"$17,494,200","$510,948,207"
"Feb 26, 2018",$0.9774,$1.07,$0.9453,$1.03,"$8,738,640","$530,587,703"
"Feb 25, 2018",$0.918,$1.00,$0.905,$0.9742,"$10,967,400","$500,221,221"
"Feb 24, 2018",$0.9827,$1.05,$0.8802,$0.9204,"$8,140,960","$472,591,365"
"Feb 23, 2018",$0.9008,$0.9846,$0.8612,$0.979,"$5,936,610","$502,311,663"
"Feb 22, 2018",$0.944,$1.01,$0.8622,$0.9039,"$6,338,430","$463,548,783"
"Feb 21, 2018",$1.01,$1.04,$0.9052,$0.9433,"$10,796,500","$483,110,643"
"Feb 20, 2018",$1.18,$1.21,$1.00,$1.01,"$11,695,000","$518,197,675"
"Feb 19, 2018",$1.15,$1.23,$1.15,$1.18,"$7,981,530","$601,676,578"
"Feb 18, 2018",$1.28,$1.30,$1.13,$1.16,"$10,089,200","$592,803,729"
"Feb 17, 2018",$1.28,$1.29,$1.22,$1.28,"$17,435,200","$654,526,424"
"Feb 16, 2018",$1.38,$1.38,$1.14,$1.29,"$82,943,000","$656,283,840"
"Feb 15, 2018",$1.08,$1.40,$1.01,$1.40,"$26,781,300","$711,883,802"
"Feb 14, 2018",$0.9657,$1.11,$0.9568,$1.07,"$11,780,000","$545,942,740"
"Feb 13, 2018",$1.03,$1.04,$0.9502,$0.9678,"$12,220,300","$491,805,243"
"Feb 12, 2018",$0.9883,$1.09,$0.9883,$1.03,"$6,619,560","$522,933,528"
"Feb 11, 2018",$1.09,$1.09,$0.9342,$0.9791,"$4,888,770","$496,669,134"
"Feb 10, 2018",$1.14,$1.20,$0.9857,$1.10,"$10,828,700","$555,727,422"
"Feb 09, 2018",$1.08,$1.15,$1.01,$1.14,"$5,979,420","$577,545,213"
"Feb 08, 2018",$0.989,$1.13,$0.989,$1.07,"$12,992,800","$544,520,217"
"Feb 07, 2018",$1.01,$1.16,$0.9021,$0.9934,"$13,476,600","$503,367,896"
"Feb 06, 2018",$0.8219,$1.03,$0.6401,$1.02,"$18,000,300","$516,203,664"
"Feb 05, 2018",$1.15,$1.16,$0.7359,$0.8171,"$16,094,600","$413,280,385"
"Feb 04, 2018",$1.39,$1.39,$1.05,$1.15,"$13,450,500","$583,782,233"
"Feb 03, 2018",$1.30,$1.50,$1.15,$1.39,"$14,554,900","$704,310,049"
"Feb 02, 2018",$1.61,$1.61,$1.05,$1.30,"$26,332,600","$653,538,916"
"Feb 01, 2018",$1.86,$1.93,$1.44,$1.60,"$30,422,600","$806,522,187"
"Jan 31, 2018",$1.60,$1.85,$1.52,$1.85,"$21,686,200","$929,638,875"
"Jan 30, 2018",$1.86,$1.86,$1.49,$1.59,"$18,317,000","$800,077,749"
"Jan 29, 2018",$1.98,$2.00,$1.80,$1.85,"$17,848,200","$928,929,523"
"Jan 28, 2018",$2.09,$2.11,$1.96,$1.98,"$24,255,700","$993,391,634"
"Jan 27, 2018",$2.01,$2.16,$1.96,$2.09,"$65,038,500","$1,046,536,175"
"Jan 26, 2018",$1.63,$2.09,$1.52,$2.04,"$47,746,300","$1,019,377,239"
"Jan 25, 2018",$1.68,$1.74,$1.56,$1.63,"$16,177,100","$813,359,699"
"Jan 24, 2018",$1.59,$1.69,$1.55,$1.66,"$16,389,700","$830,646,551"
"Jan 23, 2018",$1.67,$1.75,$1.51,$1.59,"$18,675,000","$792,573,378"
"Jan 22, 2018",$1.73,$1.79,$1.55,$1.68,"$21,507,700","$836,728,100"
"Jan 21, 2018",$2.04,$2.04,$1.67,$1.71,"$15,587,600","$853,202,667"
"Jan 20, 2018",$1.83,$2.09,$1.83,$2.04,"$25,539,700","$1,016,245,571"
"Jan 19, 2018",$1.64,$1.92,$1.57,$1.81,"$21,806,000","$903,419,989"
"Jan 18, 2018",$1.53,$1.77,$1.48,$1.65,"$25,391,700","$818,755,162"
"Jan 17, 2018",$1.57,$1.69,$1.11,$1.52,"$39,263,200","$753,729,821"
"Jan 16, 2018",$1.74,$1.74,$1.10,$1.57,"$49,883,900","$775,253,475"
"Jan 15, 2018",$1.98,$2.17,$1.74,$1.75,"$34,993,600","$861,847,426"
"Jan 14, 2018",$2.37,$2.41,$1.89,$2.00,"$36,420,000","$984,086,314"
"Jan 13, 2018",$2.23,$2.50,$2.19,$2.37,"$49,679,100","$1,166,001,737"
"Jan 12, 2018",$1.86,$2.23,$1.81,$2.22,"$37,064,300","$1,091,928,460"
"Jan 11, 2018",$2.15,$2.17,$1.63,$1.85,"$45,923,400","$906,985,622"
"Jan 10, 2018",$2.19,$2.38,$1.71,$2.15,"$81,011,400","$1,051,495,305"
"Jan 09, 2018",$1.89,$2.53,$1.77,$2.17,"$208,910,000","$1,052,470,963"
"Jan 08, 2018",$1.37,$2.16,$1.15,$1.91,"$72,631,600","$925,414,943"
"Jan 07, 2018",$1.39,$1.54,$1.35,$1.36,"$40,839,200","$658,757,961"
"Jan 06, 2018",$1.12,$1.52,$1.08,$1.36,"$37,822,200","$654,493,862"
"Jan 05, 2018",$1.04,$1.31,$0.992,$1.12,"$38,594,200","$532,857,307"
"Jan 04, 2018",$0.9786,$1.08,$0.966,$1.05,"$19,658,400","$498,050,077"
"Jan 03, 2018",$0.8996,$1.06,$0.8289,$0.9745,"$18,706,300","$464,320,700"
"Jan 02, 2018",$0.8759,$0.9957,$0.7924,$0.8967,"$21,864,200","$427,231,415"
"Jan 01, 2018",$0.9044,$1.02,$0.8631,$0.8777,"$19,205,400","$418,158,859"
"Dec 31, 2017",$0.6853,$0.9434,$0.6853,$0.8957,"$20,968,200","$425,574,143"
"Dec 30, 2017",$0.6836,$0.6884,$0.5894,$0.6884,"$9,462,650","$326,517,112"
"Dec 29, 2017",$0.6586,$0.7008,$0.6205,$0.6841,"$9,252,790","$324,222,454"
"Dec 28, 2017",$0.6663,$0.7055,$0.5816,$0.6467,"$7,802,720","$306,189,954"
"Dec 27, 2017",$0.6482,$0.7126,$0.6175,$0.6697,"$11,866,800","$316,601,548"
"Dec 26, 2017",$0.6934,$0.7088,$0.5639,$0.6477,"$12,996,000","$305,915,536"
"Dec 25, 2017",$0.6347,$0.7177,$0.6305,$0.6964,"$8,668,880","$328,693,052"
"Dec 24, 2017",$0.6511,$0.6724,$0.5349,$0.6285,"$11,478,700","$314,230,000"
"Dec 23, 2017",$0.502,$0.768,$0.4856,$0.6457,"$24,164,900","$322,843,000"
"Dec 22, 2017",$0.5842,$0.5876,$0.3825,$0.499,"$11,644,900","$249,485,500"
"Dec 21, 2017",$0.5751,$0.6451,$0.5219,$0.5785,"$17,172,500","$289,265,000"
"Dec 20, 2017",$0.5629,$0.5752,$0.4828,$0.5752,"$13,472,300","$287,582,000"
"Dec 19, 2017",$0.5115,$0.5892,$0.4797,$0.5641,"$19,760,200","$282,068,500"
"Dec 18, 2017",$0.4659,$0.5118,$0.4236,$0.5118,"$11,392,600","$255,894,500"
"Dec 17, 2017",$0.3843,$0.4947,$0.3797,$0.4638,"$13,712,400","$231,884,500"
"Dec 16, 2017",$0.3597,$0.3944,$0.3489,$0.3832,"$8,364,440","$191,591,500"
"Dec 15, 2017",$0.3805,$0.3813,$0.3164,$0.3594,"$7,291,850","$179,695,500"
"Dec 14, 2017",$0.3406,$0.4265,$0.3277,$0.3794,"$14,972,500","$189,683,500"
"Dec 13, 2017",$0.2668,$0.3504,$0.2524,$0.3429,"$11,877,700","$171,453,000"
"Dec 12, 2017",$0.2366,$0.2681,$0.2276,$0.2628,"$6,220,020","$131,412,500"
"Dec 11, 2017",$0.2273,$0.2449,$0.2237,$0.2351,"$3,631,750","$117,572,500"
"Dec 10, 2017",$0.2438,$0.2438,$0.2121,$0.2284,"$2,475,840","$114,200,500"
"Dec 09, 2017",$0.2667,$0.2751,$0.2276,$0.2416,"$3,064,890","$120,792,000"
"Dec 08, 2017",$0.2637,$0.2749,$0.2187,$0.2676,"$4,576,860","$133,797,500"
"Dec 07, 2017",$0.2577,$0.3036,$0.2413,$0.2631,"$10,651,700","$131,565,000"
"Dec 06, 2017",$0.2184,$0.3116,$0.2173,$0.2595,"$12,737,300","$129,759,500"
"Dec 05, 2017",$0.225,$0.2281,$0.205,$0.2186,"$4,516,980","$109,286,000"
"Dec 04, 2017",$0.2121,$0.2272,$0.2056,$0.2236,"$3,421,880","$111,779,500"
"Dec 03, 2017",$0.2148,$0.2192,$0.2003,$0.2113,"$4,225,350","$105,670,500"
"Dec 02, 2017",$0.2024,$0.226,$0.1932,$0.2112,"$3,303,170","$105,609,000"
"Dec 01, 2017",$0.1889,$0.2058,$0.1814,$0.2019,"$1,670,050","$100,962,000"
"Nov 30, 2017",$0.1932,$0.2116,$0.1755,$0.1886,"$2,579,330","$94,307,000"
"Nov 29, 2017",$0.2264,$0.2296,$0.1819,$0.1908,"$3,895,780","$95,390,500"
"Nov 28, 2017",$0.2334,$0.2349,$0.2238,$0.2255,"$3,017,060","$112,771,000"
"Nov 27, 2017",$0.2259,$0.2342,$0.2123,$0.2331,"$3,421,410","$116,558,500"
"Nov 26, 2017",$0.2294,$0.2351,$0.2152,$0.2264,"$3,034,850","$113,183,500"
"Nov 25, 2017",$0.2342,$0.2393,$0.2234,$0.2286,"$2,381,170","$114,308,500"
"Nov 24, 2017",$0.2158,$0.2363,$0.2098,$0.2342,"$2,700,630","$117,097,500"
"Nov 23, 2017",$0.2289,$0.233,$0.2143,$0.2166,"$2,847,780","$108,292,500"
"Nov 22, 2017",$0.1955,$0.2306,$0.1937,$0.2293,"$2,845,530","$114,634,500"
"Nov 21, 2017",$0.2003,$0.2031,$0.1919,$0.1947,"$1,755,470","$97,373,500"
"Nov 20, 2017",$0.1979,$0.2036,$0.1959,$0.2012,"$1,806,100","$100,579,500"
"Nov 19, 2017",$0.2049,$0.206,$0.1958,$0.1971,"$1,561,090","$98,546,000"
"Nov 18, 2017",$0.1859,$0.2085,$0.1831,$0.2047,"$2,419,170","$102,346,500"
"Nov 17, 2017",$0.1908,$0.1926,$0.1822,$0.1831,"$1,520,350","$91,562,000"
"Nov 16, 2017",$0.1985,$0.2002,$0.1883,$0.1901,"$2,103,460","$95,049,000"
"Nov 15, 2017",$0.1995,$0.2063,$0.1955,$0.1978,"$1,815,630","$98,887,000"
"Nov 14, 2017",$0.1941,$0.2026,$0.1894,$0.1993,"$1,370,970","$99,629,000"
"Nov 13, 2017",$0.1867,$0.2049,$0.1867,$0.1969,"$2,135,670","$98,425,000"
"Nov 12, 2017",$0.1948,$0.1974,$0.1685,$0.1879,"$2,260,040","$93,950,000"
"Nov 11, 2017",$0.1963,$0.2091,$0.195,$0.1972,"$1,488,260","$98,581,000"
"Nov 10, 2017",$0.2314,$0.2375,$0.1932,$0.1972,"$2,364,530","$98,610,000"
"Nov 09, 2017",$0.2193,$0.2451,$0.2152,$0.2306,"$2,661,470","$115,275,000"
"Nov 08, 2017",$0.2008,$0.224,$0.1989,$0.219,"$2,697,240","$109,506,500"
"Nov 07, 2017",$0.1786,$0.2014,$0.1775,$0.2012,"$1,935,910","$100,599,500"
"Nov 06, 2017",$0.1759,$0.1855,$0.1734,$0.1789,"$1,117,140","$89,442,000"
"Nov 05, 2017",$0.1827,$0.185,$0.1736,$0.175,"$961,217","$87,511,500"
"Nov 04, 2017",$0.1793,$0.1915,$0.1757,$0.183,"$1,422,630","$91,493,500"
"Nov 03, 2017",$0.1707,$0.1801,$0.1704,$0.1794,"$1,810,580","$89,686,500"
"Nov 02, 2017",$0.1698,$0.1764,$0.1606,$0.1708,"$2,259,920","$85,403,000"
"Nov 01, 2017",$0.1734,$0.2038,$0.171,$0.1712,"$3,460,160","$85,623,000"
"Oct 31, 2017",$0.1881,$0.1894,$0.1733,$0.1733,"$1,317,130","$86,652,500"
"Oct 30, 2017",$0.1934,$0.1985,$0.1859,$0.1882,"$1,000,210","$94,108,000"
"Oct 29, 2017",$0.1935,$0.2059,$0.189,$0.1943,"$1,779,990","$97,144,500"
"Oct 28, 2017",$0.1921,$0.1944,$0.1874,$0.1937,"$704,645","$96,832,500"
"Oct 27, 2017",$0.1967,$0.1978,$0.1883,$0.1917,"$996,475","$95,849,000"
"Oct 26, 2017",$0.1984,$0.2057,$0.1931,$0.1965,"$1,120,820","$98,242,000"
"Oct 25, 2017",$0.2026,$0.205,$0.1935,$0.1983,"$1,304,420","$99,164,500"
"Oct 24, 2017",$0.1912,$0.2105,$0.1878,$0.202,"$2,032,440","$101,002,000"
"Oct 23, 2017",$0.2045,$0.2056,$0.1875,$0.1909,"$1,335,730","$95,443,500"
"Oct 22, 2017",$0.2038,$0.2059,$0.1985,$0.2046,"$1,191,490","$102,294,500"
"Oct 21, 2017",$0.2111,$0.2147,$0.197,$0.2034,"$1,422,100","$101,719,000"
"Oct 20, 2017",$0.2258,$0.2301,$0.2115,$0.2115,"$2,541,670","$105,773,000"
"Oct 19, 2017",$0.2198,$0.2302,$0.2145,$0.2257,"$2,571,520","$112,835,000"
"Oct 18, 2017",$0.2198,$0.2278,$0.1959,$0.2194,"$2,958,100","$109,692,000"
"Oct 17, 2017",$0.2011,$0.2278,$0.1911,$0.2212,"$3,121,300","$110,616,000"
"Oct 16, 2017",$0.1979,$0.2031,$0.1876,$0.2008,"$1,811,900","$100,420,500"
"Oct 15, 2017",$0.1975,$0.2034,$0.1837,$0.1976,"$1,902,990","$98,817,500"
"Oct 14, 2017",$0.1995,$0.1995,$0.1899,$0.1969,"$1,475,560","$98,436,500"
"Oct 13, 2017",$0.1866,$0.2076,$0.1794,$0.1997,"$3,289,010","$99,864,000"
"Oct 12, 2017",$0.2026,$0.2049,$0.1841,$0.1858,"$2,430,370","$92,876,000"
"Oct 11, 2017",$0.1981,$0.206,$0.1962,$0.2024,"$1,387,800","$101,189,500"
"Oct 10, 2017",$0.1851,$0.2109,$0.184,$0.198,"$2,236,690","$98,981,500"
"Oct 09, 2017",$0.1857,$0.1906,$0.1763,$0.1862,"$2,011,230","$93,104,000"
"Oct 08, 2017",$0.1885,$0.2046,$0.1845,$0.1846,"$2,114,590","$92,316,000"
"Oct 07, 2017",$0.2,$0.208,$0.1867,$0.1878,"$1,452,270","$93,879,500"
"Oct 06, 2017",$0.1792,$0.2027,$0.1789,$0.1995,"$1,405,650","$99,740,500"
"Oct 05, 2017",$0.1845,$0.1874,$0.1785,$0.1792,"$1,225,480","$89,624,500"
"Oct 04, 2017",$0.1953,$0.2033,$0.1835,$0.1841,"$1,186,820","$92,025,500"
"Oct 03, 2017",$0.2026,$0.2048,$0.186,$0.1948,"$1,387,310","$97,406,000"
"Oct 02, 2017",$0.2138,$0.2169,$0.2011,$0.2019,"$1,622,300","$100,951,500"
"Oct 01, 2017",$0.218,$0.2188,$0.2089,$0.2151,"$1,439,060","$107,570,000"
"Sep 30, 2017",$0.2108,$0.2222,$0.2102,$0.2174,"$1,214,660","$108,707,500"
"Sep 29, 2017",$0.2166,$0.2186,$0.2028,$0.2105,"$1,278,350","$105,260,000"
"Sep 28, 2017",$0.2314,$0.2386,$0.2151,$0.2168,"$1,822,680","$108,394,000"
"Sep 27, 2017",$0.1957,$0.2334,$0.195,$0.2327,"$2,398,430","$116,352,500"
"Sep 26, 2017",$0.1951,$0.1999,$0.1891,$0.1965,"$1,508,980","$98,244,500"
"Sep 25, 2017",$0.1773,$0.2006,$0.1749,$0.1948,"$1,820,160","$97,424,000"
"Sep 24, 2017",$0.1878,$0.1908,$0.1754,$0.1774,"$1,091,020","$88,690,000"
"Sep 23, 2017",$0.1826,$0.1905,$0.1803,$0.1879,"$931,322","$93,969,000"
"Sep 22, 2017",$0.177,$0.1873,$0.1717,$0.1837,"$1,561,690","$91,871,000"
"Sep 21, 2017",$0.2003,$0.206,$0.1754,$0.1782,"$1,657,700","$89,093,000"
"Sep 20, 2017",$0.2034,$0.2104,$0.1991,$0.2013,"$1,849,880","$100,673,500"
"Sep 19, 2017",$0.2311,$0.2315,$0.2033,$0.2046,"$2,320,980","$102,307,500"
"Sep 18, 2017",$0.2082,$0.2385,$0.2082,$0.2304,"$1,865,790","$115,184,500"
"Sep 17, 2017",$0.2099,$0.2159,$0.1915,$0.207,"$986,802","$103,510,500"
"Sep 16, 2017",$0.2088,$0.214,$0.1957,$0.2097,"$1,383,050","$104,833,000"
"Sep 15, 2017",$0.1764,$0.2167,$0.1564,$0.2053,"$3,595,670","$102,646,500"
"Sep 14, 2017",$0.2234,$0.2287,$0.175,$0.175,"$3,056,000","$87,505,000"
"Sep 13, 2017",$0.257,$0.2579,$0.2121,$0.2233,"$3,405,890","$111,673,500"
"Sep 12, 2017",$0.2754,$0.2895,$0.2513,$0.2556,"$3,791,170","$127,799,000"
"Sep 11, 2017",$0.2468,$0.2753,$0.2365,$0.2752,"$4,856,890","$137,613,000"
"Sep 10, 2017",$0.2581,$0.2581,$0.2319,$0.2465,"$2,159,810","$123,275,000"
"Sep 09, 2017",$0.2584,$0.2592,$0.2401,$0.2571,"$1,972,250","$128,556,000"
"Sep 08, 2017",$0.3097,$0.3133,$0.2375,$0.2594,"$5,590,490","$129,722,000"
"Sep 07, 2017",$0.2564,$0.3319,$0.2545,$0.309,"$8,513,980","$154,483,500"
"Sep 06, 2017",$0.2365,$0.2583,$0.2358,$0.2545,"$3,987,820","$127,272,500"
"Sep 05, 2017",$0.2365,$0.2473,$0.2034,$0.2406,"$5,406,050","$120,323,000"
"Sep 04, 2017",$0.2859,$0.287,$0.2102,$0.2374,"$10,708,700","$118,678,000"
"Sep 03, 2017",$0.3075,$0.3282,$0.2834,$0.2879,"$4,038,540","$143,957,500"
"Sep 02, 2017",$0.3845,$0.3913,$0.3039,$0.3059,"$6,092,920","$152,938,500"
"Sep 01, 2017",$0.3728,$0.4022,$0.3611,$0.3858,"$9,229,510","$192,875,500"
"Aug 31, 2017",$0.331,$0.3745,$0.324,$0.3699,"$6,919,520","$184,926,000"
"Aug 30, 2017",$0.3611,$0.3643,$0.3305,$0.3319,"$5,733,410","$165,965,000"
"Aug 29, 2017",$0.3411,$0.3725,$0.3411,$0.3596,"$6,321,130","$179,785,500"
"Aug 28, 2017",$0.3525,$0.3548,$0.3236,$0.3437,"$6,639,910","$171,856,500"
"Aug 27, 2017",$0.3548,$0.357,$0.3338,$0.3515,"$4,536,030","$175,761,500"
"Aug 26, 2017",$0.362,$0.3777,$0.3243,$0.3558,"$10,377,400","$177,921,500"
"Aug 25, 2017",$0.3874,$0.3945,$0.3459,$0.3616,"$6,146,620","$180,804,500"
"Aug 24, 2017",$0.3827,$0.3925,$0.3721,$0.3853,"$6,227,850","$192,655,000"
"Aug 23, 2017",$0.364,$0.4109,$0.364,$0.3867,"$8,663,860","$193,336,500"
"Aug 22, 2017",$0.3515,$0.3756,$0.3158,$0.3645,"$8,045,240","$182,252,500"
"Aug 21, 2017",$0.4223,$0.4437,$0.3277,$0.3515,"$15,013,800","$175,751,500"
"Aug 20, 2017",$0.4713,$0.4753,$0.4034,$0.4243,"$16,016,500","$254,559,000"
"Aug 19, 2017",$0.2946,$0.5437,$0.2844,$0.4788,"$52,677,500","$287,260,800"
"Aug 18, 2017",$0.2056,$0.3503,$0.2056,$0.2934,"$12,793,800","$176,032,200"
"Aug 17, 2017",$0.223,$0.2389,$0.2067,$0.2067,"$2,752,410","$124,041,000"
"Aug 16, 2017",$0.1117,$0.28,$0.104,$0.2244,"$5,232,600","$134,639,400"
